  0.00000E+00   0.00000E+00
  3.18310E-01   2.08350E-02
  6.36620E-01   5.27372E-02
  9.54930E-01   8.36861E-02
  1.27324E+00   1.12409E-01
  1.59155E+00   1.38900E-01
  1.90986E+00   1.63293E-01
  2.22817E+00   1.85731E-01
  2.54648E+00   2.06350E-01
  2.86479E+00   2.25274E-01
  3.18310E+00   2.42621E-01
  3.50141E+00   2.58502E-01
  3.81972E+00   2.73017E-01
  4.13803E+00   2.86263E-01
  4.45634E+00   2.98327E-01
  4.77465E+00   3.09294E-01
  5.09296E+00   3.19239E-01
  5.41127E+00   3.28236E-01
  5.72958E+00   3.36352E-01
  6.04789E+00   3.43649E-01
  6.36620E+00   3.50187E-01
  6.68451E+00   3.56018E-01
  7.00282E+00   3.61196E-01
  7.32113E+00   3.65766E-01
  7.63944E+00   3.69774E-01
  7.95775E+00   3.73260E-01
  8.27606E+00   3.76264E-01
  8.59437E+00   3.78822E-01
  8.91268E+00   3.80966E-01
  9.23099E+00   3.82729E-01
  9.54930E+00   3.84140E-01
  9.86761E+00   3.85225E-01
  1.01859E+01   3.86010E-01
  1.05042E+01   3.86520E-01
  1.08225E+01   3.86775E-01
  1.11409E+01   3.86798E-01
  1.14592E+01   3.86606E-01
  1.17775E+01   3.86217E-01
  1.20958E+01   3.85650E-01
  1.24141E+01   3.84918E-01
  1.27324E+01   3.84036E-01
  1.30507E+01   3.83019E-01
  1.33690E+01   3.81878E-01
  1.36873E+01   3.80625E-01
  1.40056E+01   3.79271E-01
  1.43240E+01   3.77826E-01
  1.46423E+01   3.76300E-01
  1.49606E+01   3.74701E-01
  1.52789E+01   3.73037E-01
  1.55972E+01   3.71316E-01
  1.59155E+01   3.69545E-01
  1.62338E+01   3.67731E-01
  1.65521E+01   3.65878E-01
  1.68704E+01   3.63994E-01
  1.71887E+01   3.62083E-01
  1.75071E+01   3.60150E-01
  1.78254E+01   3.58199E-01
  1.81437E+01   3.56234E-01
  1.84620E+01   3.54259E-01
  1.87803E+01   3.52279E-01
  1.90986E+01   3.50295E-01
  1.94169E+01   3.48310E-01
  1.97352E+01   3.46329E-01
  2.00535E+01   3.44352E-01
  2.03718E+01   3.42382E-01
  2.06902E+01   3.40422E-01
  2.10085E+01   3.38473E-01
  2.13268E+01   3.36537E-01
  2.16451E+01   3.34615E-01
  2.19634E+01   3.32710E-01
  2.22817E+01   3.30822E-01
  2.26000E+01   3.28952E-01
  2.29183E+01   3.27101E-01
  2.32366E+01   3.25272E-01
  2.35549E+01   3.23463E-01
  2.38733E+01   3.21676E-01
  2.41916E+01   3.19912E-01
  2.45099E+01   3.18171E-01
  2.48282E+01   3.16454E-01
  2.51465E+01   3.14761E-01
  2.54648E+01   3.13092E-01
  2.57831E+01   3.11448E-01
  2.61014E+01   3.09830E-01
  2.64197E+01   3.08236E-01
  2.67380E+01   3.06668E-01
  2.70564E+01   3.05125E-01
  2.73747E+01   3.03607E-01
  2.76930E+01   3.02115E-01
  2.80113E+01   3.00649E-01
  2.83296E+01   2.99207E-01
  2.86479E+01   2.97792E-01
  2.89662E+01   2.96401E-01
  2.92845E+01   2.95035E-01
  2.96028E+01   2.93695E-01
  2.99211E+01   2.92379E-01
  3.02395E+01   2.91088E-01
  3.05578E+01   2.89820E-01
  3.08761E+01   2.88577E-01
  3.11944E+01   2.87358E-01
  3.15127E+01   2.86163E-01
  3.18310E+01   2.84991E-01
  3.21493E+01   2.83841E-01
  3.24676E+01   2.82715E-01
  3.27859E+01   2.81611E-01
  3.31042E+01   2.80529E-01
  3.34226E+01   2.79469E-01
  3.37409E+01   2.78431E-01
  3.40592E+01   2.77414E-01
  3.43775E+01   2.76417E-01
  3.46958E+01   2.75442E-01
  3.50141E+01   2.74486E-01
  3.53324E+01   2.73551E-01
  3.56507E+01   2.72635E-01
  3.59690E+01   2.71739E-01
  3.62873E+01   2.70861E-01
  3.66056E+01   2.70002E-01
  3.69240E+01   2.69162E-01
  3.72423E+01   2.68339E-01
  3.75606E+01   2.67534E-01
  3.78789E+01   2.66747E-01
  3.81972E+01   2.65976E-01
  3.85155E+01   2.65222E-01
  3.88338E+01   2.64485E-01
  3.91521E+01   2.63764E-01
  3.94704E+01   2.63058E-01
  3.97887E+01   2.62368E-01
  4.01071E+01   2.61694E-01
  4.04254E+01   2.61034E-01
  4.07437E+01   2.60389E-01
  4.10620E+01   2.59758E-01
  4.13803E+01   2.59141E-01
  4.16986E+01   2.58538E-01
  4.20169E+01   2.57948E-01
  4.23352E+01   2.57371E-01
  4.26535E+01   2.56808E-01
  4.29718E+01   2.56257E-01
  4.32902E+01   2.55718E-01
  4.36085E+01   2.55192E-01
  4.39268E+01   2.54678E-01
  4.42451E+01   2.54175E-01
  4.45634E+01   2.53683E-01
  4.48817E+01   2.53203E-01
  4.52000E+01   2.52734E-01
  4.55183E+01   2.52275E-01
  4.58366E+01   2.51827E-01
  4.61549E+01   2.51389E-01
  4.64733E+01   2.50961E-01
  4.67916E+01   2.50543E-01
  4.71099E+01   2.50134E-01
  4.74282E+01   2.49735E-01
  4.77465E+01   2.49345E-01
  4.80648E+01   2.48964E-01
  4.83831E+01   2.48591E-01
  4.87014E+01   2.48227E-01
  4.90197E+01   2.47872E-01
  4.93380E+01   2.47525E-01
  4.96564E+01   2.47186E-01
  4.99747E+01   2.46855E-01
  5.02930E+01   2.46531E-01
  5.06113E+01   2.46215E-01
  5.09296E+01   2.45906E-01
  5.12479E+01   2.45604E-01
  5.15662E+01   2.45310E-01
  5.18845E+01   2.45022E-01
  5.22028E+01   2.44741E-01
  5.25211E+01   2.44466E-01
  5.28395E+01   2.44198E-01
  5.31578E+01   2.43936E-01
  5.34761E+01   2.43680E-01
  5.37944E+01   2.43430E-01
  5.41127E+01   2.43186E-01
  5.44310E+01   2.42948E-01
  5.47493E+01   2.42715E-01
  5.50676E+01   2.42488E-01
  5.53859E+01   2.42266E-01
  5.57042E+01   2.42049E-01
  5.60226E+01   2.41838E-01
  5.63409E+01   2.41631E-01
  5.66592E+01   2.41429E-01
  5.69775E+01   2.41232E-01
  5.72958E+01   2.41039E-01
  5.76141E+01   2.40851E-01
  5.79324E+01   2.40668E-01
  5.82507E+01   2.40488E-01
  5.85690E+01   2.40313E-01
  5.88873E+01   2.40142E-01
  5.92057E+01   2.39975E-01
  5.95240E+01   2.39812E-01
  5.98423E+01   2.39653E-01
  6.01606E+01   2.39498E-01
  6.04789E+01   2.39346E-01
  6.07972E+01   2.39198E-01
  6.11155E+01   2.39053E-01
  6.14338E+01   2.38912E-01
  6.17521E+01   2.38774E-01
  6.20704E+01   2.38639E-01
  6.23888E+01   2.38507E-01
  6.27071E+01   2.38379E-01
  6.30254E+01   2.38253E-01
  6.33437E+01   2.38131E-01
  6.36620E+01   2.38011E-01
  6.39803E+01   2.37895E-01
  6.42986E+01   2.37781E-01
  6.46169E+01   2.37669E-01
  6.49352E+01   2.37561E-01
  6.52535E+01   2.37455E-01
  6.55719E+01   2.37351E-01
  6.58902E+01   2.37250E-01
  6.62085E+01   2.37151E-01
  6.65268E+01   2.37055E-01
  6.68451E+01   2.36961E-01
  6.71634E+01   2.36869E-01
  6.74817E+01   2.36779E-01
  6.78000E+01   2.36691E-01
  6.81183E+01   2.36606E-01
  6.84366E+01   2.36522E-01
  6.87550E+01   2.36441E-01
  6.90733E+01   2.36361E-01
  6.93916E+01   2.36284E-01
  6.97099E+01   2.36208E-01
  7.00282E+01   2.36134E-01
  7.03465E+01   2.36061E-01
  7.06648E+01   2.35991E-01
  7.09831E+01   2.35922E-01
  7.13014E+01   2.35855E-01
  7.16197E+01   2.35789E-01
  7.19381E+01   2.35725E-01
  7.22564E+01   2.35662E-01
  7.25747E+01   2.35601E-01
  7.28930E+01   2.35541E-01
  7.32113E+01   2.35483E-01
  7.35296E+01   2.35426E-01
  7.38479E+01   2.35371E-01
  7.41662E+01   2.35316E-01
  7.44845E+01   2.35263E-01
  7.48028E+01   2.35212E-01
  7.51212E+01   2.35161E-01
  7.54395E+01   2.35112E-01
  7.57578E+01   2.35064E-01
  7.60761E+01   2.35017E-01
  7.63944E+01   2.34971E-01
  7.67127E+01   2.34926E-01
  7.70310E+01   2.34883E-01
  7.73493E+01   2.34840E-01
  7.76676E+01   2.34799E-01
  7.79859E+01   2.34758E-01
  7.83043E+01   2.34718E-01
  7.86226E+01   2.34679E-01
  7.89409E+01   2.34642E-01
  7.92592E+01   2.34605E-01
  7.95775E+01   2.34569E-01
  7.98958E+01   2.34533E-01
  8.02141E+01   2.34499E-01
  8.05324E+01   2.34466E-01
  8.08507E+01   2.34433E-01
  8.11690E+01   2.34401E-01
  8.14874E+01   2.34370E-01
  8.18057E+01   2.34339E-01
  8.21240E+01   2.34310E-01
  8.24423E+01   2.34281E-01
  8.27606E+01   2.34252E-01
  8.30789E+01   2.34225E-01
  8.33972E+01   2.34198E-01
  8.37155E+01   2.34171E-01
  8.40338E+01   2.34145E-01
  8.43521E+01   2.34120E-01
  8.46705E+01   2.34096E-01
  8.49888E+01   2.34072E-01
  8.53071E+01   2.34048E-01
  8.56254E+01   2.34026E-01
  8.59437E+01   2.34003E-01
  8.62620E+01   2.33982E-01
  8.65803E+01   2.33960E-01
  8.68986E+01   2.33940E-01
  8.72169E+01   2.33919E-01
  8.75352E+01   2.33900E-01
  8.78536E+01   2.33880E-01
  8.81719E+01   2.33862E-01
  8.84902E+01   2.33843E-01
  8.88085E+01   2.33825E-01
  8.91268E+01   2.33808E-01
  8.94451E+01   2.33791E-01
  8.97634E+01   2.33774E-01
  9.00817E+01   2.33758E-01
  9.04000E+01   2.33742E-01
  9.07183E+01   2.33726E-01
  9.10367E+01   2.33711E-01
  9.13550E+01   2.33696E-01
  9.16733E+01   2.33682E-01
  9.19916E+01   2.33668E-01
  9.23099E+01   2.33654E-01
  9.26282E+01   2.33641E-01
  9.29465E+01   2.33627E-01
  9.32648E+01   2.33615E-01
  9.35831E+01   2.33602E-01
  9.39014E+01   2.33590E-01
  9.42198E+01   2.33578E-01
  9.45381E+01   2.33566E-01
  9.48564E+01   2.33555E-01
  9.51747E+01   2.33544E-01
  9.54930E+01   2.33533E-01
