  0.00000E+00   0.00000E+00
  3.18310E-01   9.80515E-04
  6.36620E-01   3.36703E-03
  9.54930E-01   6.62510E-03
  1.27324E+00   1.06077E-02
  1.59155E+00   1.52206E-02
  1.90986E+00   2.03852E-02
  2.22817E+00   2.60316E-02
  2.54648E+00   3.20954E-02
  2.86479E+00   3.85174E-02
  3.18310E+00   4.52433E-02
  3.50141E+00   5.22236E-02
  3.81972E+00   5.94133E-02
  4.13803E+00   6.67715E-02
  4.45634E+00   7.42613E-02
  4.77465E+00   8.18491E-02
  5.09296E+00   8.95050E-02
  5.41127E+00   9.72017E-02
  5.72958E+00   1.04915E-01
  6.04789E+00   1.12623E-01
  6.36620E+00   1.20306E-01
  6.68451E+00   1.27947E-01
  7.00282E+00   1.35530E-01
  7.32113E+00   1.43042E-01
  7.63944E+00   1.50471E-01
  7.95775E+00   1.57806E-01
  8.27606E+00   1.65039E-01
  8.59437E+00   1.72160E-01
  8.91268E+00   1.79164E-01
  9.23099E+00   1.86044E-01
  9.54930E+00   1.92796E-01
  9.86761E+00   1.99416E-01
  1.01859E+01   2.05900E-01
  1.05042E+01   2.12247E-01
  1.08225E+01   2.18453E-01
  1.11409E+01   2.24519E-01
  1.14592E+01   2.30442E-01
  1.17775E+01   2.36223E-01
  1.20958E+01   2.41861E-01
  1.24141E+01   2.47358E-01
  1.27324E+01   2.52713E-01
  1.30507E+01   2.57928E-01
  1.33690E+01   2.63004E-01
  1.36873E+01   2.67942E-01
  1.40056E+01   2.72745E-01
  1.43240E+01   2.77414E-01
  1.46423E+01   2.81950E-01
  1.49606E+01   2.86358E-01
  1.52789E+01   2.90638E-01
  1.55972E+01   2.94792E-01
  1.59155E+01   2.98824E-01
  1.62338E+01   3.02736E-01
  1.65521E+01   3.06531E-01
  1.68704E+01   3.10210E-01
  1.71887E+01   3.13777E-01
  1.75071E+01   3.17234E-01
  1.78254E+01   3.20584E-01
  1.81437E+01   3.23829E-01
  1.84620E+01   3.26972E-01
  1.87803E+01   3.30016E-01
  1.90986E+01   3.32964E-01
  1.94169E+01   3.35817E-01
  1.97352E+01   3.38578E-01
  2.00535E+01   3.41251E-01
  2.03718E+01   3.43837E-01
  2.06902E+01   3.46338E-01
  2.10085E+01   3.48758E-01
  2.13268E+01   3.51099E-01
  2.16451E+01   3.53362E-01
  2.19634E+01   3.55551E-01
  2.22817E+01   3.57667E-01
  2.26000E+01   3.59712E-01
  2.29183E+01   3.61690E-01
  2.32366E+01   3.63601E-01
  2.35549E+01   3.65448E-01
  2.38733E+01   3.67233E-01
  2.41916E+01   3.68957E-01
  2.45099E+01   3.70623E-01
  2.48282E+01   3.72233E-01
  2.51465E+01   3.73788E-01
  2.54648E+01   3.75290E-01
  2.57831E+01   3.76741E-01
  2.61014E+01   3.78142E-01
  2.64197E+01   3.79495E-01
  2.67380E+01   3.80801E-01
  2.70564E+01   3.82063E-01
  2.73747E+01   3.83281E-01
  2.76930E+01   3.84458E-01
  2.80113E+01   3.85593E-01
  2.83296E+01   3.86689E-01
  2.86479E+01   3.87748E-01
  2.89662E+01   3.88769E-01
  2.92845E+01   3.89756E-01
  2.96028E+01   3.90707E-01
  2.99211E+01   3.91626E-01
  3.02395E+01   3.92513E-01
  3.05578E+01   3.93368E-01
  3.08761E+01   3.94194E-01
  3.11944E+01   3.94991E-01
  3.15127E+01   3.95760E-01
  3.18310E+01   3.96502E-01
  3.21493E+01   3.97219E-01
  3.24676E+01   3.97910E-01
  3.27859E+01   3.98576E-01
  3.31042E+01   3.99220E-01
  3.34226E+01   3.99840E-01
  3.37409E+01   4.00439E-01
  3.40592E+01   4.01017E-01
  3.43775E+01   4.01574E-01
  3.46958E+01   4.02112E-01
  3.50141E+01   4.02631E-01
  3.53324E+01   4.03131E-01
  3.56507E+01   4.03614E-01
  3.59690E+01   4.04079E-01
  3.62873E+01   4.04529E-01
  3.66056E+01   4.04962E-01
  3.69240E+01   4.05380E-01
  3.72423E+01   4.05783E-01
  3.75606E+01   4.06172E-01
  3.78789E+01   4.06547E-01
  3.81972E+01   4.06909E-01
  3.85155E+01   4.07258E-01
  3.88338E+01   4.07595E-01
  3.91521E+01   4.07919E-01
  3.94704E+01   4.08232E-01
  3.97887E+01   4.08534E-01
  4.01071E+01   4.08826E-01
  4.04254E+01   4.09107E-01
  4.07437E+01   4.09377E-01
  4.10620E+01   4.09639E-01
  4.13803E+01   4.09891E-01
  4.16986E+01   4.10134E-01
  4.20169E+01   4.10368E-01
  4.23352E+01   4.10594E-01
  4.26535E+01   4.10812E-01
  4.29718E+01   4.11022E-01
  4.32902E+01   4.11225E-01
  4.36085E+01   4.11421E-01
  4.39268E+01   4.11609E-01
  4.42451E+01   4.11791E-01
  4.45634E+01   4.11966E-01
  4.48817E+01   4.12135E-01
  4.52000E+01   4.12299E-01
  4.55183E+01   4.12456E-01
  4.58366E+01   4.12607E-01
  4.61549E+01   4.12754E-01
  4.64733E+01   4.12895E-01
  4.67916E+01   4.13031E-01
  4.71099E+01   4.13162E-01
  4.74282E+01   4.13288E-01
  4.77465E+01   4.13410E-01
  4.80648E+01   4.13528E-01
  4.83831E+01   4.13641E-01
  4.87014E+01   4.13750E-01
  4.90197E+01   4.13856E-01
  4.93380E+01   4.13957E-01
  4.96564E+01   4.14055E-01
  4.99747E+01   4.14150E-01
  5.02930E+01   4.14241E-01
  5.06113E+01   4.14329E-01
  5.09296E+01   4.14414E-01
  5.12479E+01   4.14496E-01
  5.15662E+01   4.14574E-01
  5.18845E+01   4.14650E-01
  5.22028E+01   4.14724E-01
  5.25211E+01   4.14794E-01
  5.28395E+01   4.14862E-01
  5.31578E+01   4.14928E-01
  5.34761E+01   4.14991E-01
  5.37944E+01   4.15052E-01
  5.41127E+01   4.15111E-01
  5.44310E+01   4.15168E-01
  5.47493E+01   4.15223E-01
  5.50676E+01   4.15276E-01
  5.53859E+01   4.15327E-01
  5.57042E+01   4.15376E-01
  5.60226E+01   4.15423E-01
  5.63409E+01   4.15469E-01
  5.66592E+01   4.15513E-01
  5.69775E+01   4.15555E-01
  5.72958E+01   4.15596E-01
  5.76141E+01   4.15635E-01
  5.79324E+01   4.15673E-01
  5.82507E+01   4.15710E-01
  5.85690E+01   4.15745E-01
  5.88873E+01   4.15779E-01
  5.92057E+01   4.15812E-01
  5.95240E+01   4.15844E-01
  5.98423E+01   4.15875E-01
  6.01606E+01   4.15904E-01
  6.04789E+01   4.15933E-01
  6.07972E+01   4.15960E-01
  6.11155E+01   4.15986E-01
  6.14338E+01   4.16012E-01
  6.17521E+01   4.16036E-01
  6.20704E+01   4.16060E-01
  6.23888E+01   4.16083E-01
  6.27071E+01   4.16105E-01
  6.30254E+01   4.16126E-01
  6.33437E+01   4.16147E-01
  6.36620E+01   4.16166E-01
  6.39803E+01   4.16185E-01
  6.42986E+01   4.16204E-01
  6.46169E+01   4.16221E-01
  6.49352E+01   4.16238E-01
  6.52535E+01   4.16255E-01
  6.55719E+01   4.16271E-01
  6.58902E+01   4.16286E-01
  6.62085E+01   4.16301E-01
  6.65268E+01   4.16315E-01
  6.68451E+01   4.16329E-01
  6.71634E+01   4.16342E-01
  6.74817E+01   4.16355E-01
  6.78000E+01   4.16367E-01
  6.81183E+01   4.16379E-01
  6.84366E+01   4.16390E-01
  6.87550E+01   4.16401E-01
  6.90733E+01   4.16412E-01
  6.93916E+01   4.16422E-01
  6.97099E+01   4.16432E-01
  7.00282E+01   4.16441E-01
  7.03465E+01   4.16451E-01
  7.06648E+01   4.16460E-01
  7.09831E+01   4.16468E-01
  7.13014E+01   4.16476E-01
  7.16197E+01   4.16484E-01
  7.19381E+01   4.16492E-01
  7.22564E+01   4.16499E-01
  7.25747E+01   4.16506E-01
  7.28930E+01   4.16513E-01
  7.32113E+01   4.16520E-01
  7.35296E+01   4.16526E-01
  7.38479E+01   4.16532E-01
  7.41662E+01   4.16538E-01
  7.44845E+01   4.16544E-01
  7.48028E+01   4.16549E-01
  7.51212E+01   4.16555E-01
  7.54395E+01   4.16560E-01
  7.57578E+01   4.16565E-01
  7.60761E+01   4.16570E-01
  7.63944E+01   4.16574E-01
  7.67127E+01   4.16579E-01
  7.70310E+01   4.16583E-01
  7.73493E+01   4.16587E-01
  7.76676E+01   4.16591E-01
  7.79859E+01   4.16595E-01
  7.83043E+01   4.16598E-01
  7.86226E+01   4.16602E-01
  7.89409E+01   4.16605E-01
  7.92592E+01   4.16609E-01
  7.95775E+01   4.16612E-01
  7.98958E+01   4.16615E-01
  8.02141E+01   4.16618E-01
  8.05324E+01   4.16621E-01
  8.08507E+01   4.16624E-01
  8.11690E+01   4.16626E-01
  8.14874E+01   4.16629E-01
  8.18057E+01   4.16631E-01
  8.21240E+01   4.16634E-01
  8.24423E+01   4.16636E-01
  8.27606E+01   4.16638E-01
  8.30789E+01   4.16640E-01
  8.33972E+01   4.16642E-01
  8.37155E+01   4.16644E-01
  8.40338E+01   4.16646E-01
  8.43521E+01   4.16648E-01
  8.46705E+01   4.16650E-01
  8.49888E+01   4.16652E-01
  8.53071E+01   4.16653E-01
  8.56254E+01   4.16655E-01
  8.59437E+01   4.16656E-01
  8.62620E+01   4.16658E-01
  8.65803E+01   4.16659E-01
  8.68986E+01   4.16661E-01
  8.72169E+01   4.16662E-01
  8.75352E+01   4.16663E-01
  8.78536E+01   4.16665E-01
  8.81719E+01   4.16666E-01
  8.84902E+01   4.16667E-01
  8.88085E+01   4.16668E-01
  8.91268E+01   4.16669E-01
  8.94451E+01   4.16670E-01
  8.97634E+01   4.16671E-01
  9.00817E+01   4.16672E-01
  9.04000E+01   4.16673E-01
  9.07183E+01   4.16674E-01
  9.10367E+01   4.16675E-01
  9.13550E+01   4.16676E-01
  9.16733E+01   4.16676E-01
  9.19916E+01   4.16677E-01
  9.23099E+01   4.16678E-01
  9.26282E+01   4.16679E-01
  9.29465E+01   4.16679E-01
  9.32648E+01   4.16680E-01
  9.35831E+01   4.16681E-01
  9.39014E+01   4.16681E-01
  9.42198E+01   4.16682E-01
  9.45381E+01   4.16682E-01
  9.48564E+01   4.16683E-01
  9.51747E+01   4.16683E-01
  9.54930E+01   4.16684E-01
