  0.00000E+00   0.00000E+00
  3.18310E-01   1.09736E-04
  6.36620E-01   9.17487E-04
  9.54930E-01   2.72314E-03
  1.27324E+00   5.49865E-03
  1.59155E+00   9.14318E-03
  1.90986E+00   1.35515E-02
  2.22817E+00   1.86259E-02
  2.54648E+00   2.42774E-02
  2.86479E+00   3.04251E-02
  3.18310E+00   3.69959E-02
  3.50141E+00   4.39236E-02
  3.81972E+00   5.11483E-02
  4.13803E+00   5.86162E-02
  4.45634E+00   6.62784E-02
  4.77465E+00   7.40913E-02
  5.09296E+00   8.20155E-02
  5.41127E+00   9.00158E-02
  5.72958E+00   9.80607E-02
  6.04789E+00   1.06122E-01
  6.36620E+00   1.14175E-01
  6.68451E+00   1.22197E-01
  7.00282E+00   1.30169E-01
  7.32113E+00   1.38073E-01
  7.63944E+00   1.45894E-01
  7.95775E+00   1.53619E-01
  8.27606E+00   1.61237E-01
  8.59437E+00   1.68737E-01
  8.91268E+00   1.76111E-01
  9.23099E+00   1.83353E-01
  9.54930E+00   1.90455E-01
  9.86761E+00   1.97414E-01
  1.01859E+01   2.04225E-01
  1.05042E+01   2.10885E-01
  1.08225E+01   2.17393E-01
  1.11409E+01   2.23745E-01
  1.14592E+01   2.29942E-01
  1.17775E+01   2.35983E-01
  1.20958E+01   2.41868E-01
  1.24141E+01   2.47597E-01
  1.27324E+01   2.53172E-01
  1.30507E+01   2.58594E-01
  1.33690E+01   2.63864E-01
  1.36873E+01   2.68984E-01
  1.40056E+01   2.73956E-01
  1.43240E+01   2.78782E-01
  1.46423E+01   2.83465E-01
  1.49606E+01   2.88008E-01
  1.52789E+01   2.92413E-01
  1.55972E+01   2.96682E-01
  1.59155E+01   3.00819E-01
  1.62338E+01   3.04826E-01
  1.65521E+01   3.08707E-01
  1.68704E+01   3.12465E-01
  1.71887E+01   3.16102E-01
  1.75071E+01   3.19621E-01
  1.78254E+01   3.23026E-01
  1.81437E+01   3.26320E-01
  1.84620E+01   3.29505E-01
  1.87803E+01   3.32585E-01
  1.90986E+01   3.35562E-01
  1.94169E+01   3.38439E-01
  1.97352E+01   3.41220E-01
  2.00535E+01   3.43906E-01
  2.03718E+01   3.46502E-01
  2.06902E+01   3.49009E-01
  2.10085E+01   3.51430E-01
  2.13268E+01   3.53768E-01
  2.16451E+01   3.56026E-01
  2.19634E+01   3.58206E-01
  2.22817E+01   3.60310E-01
  2.26000E+01   3.62341E-01
  2.29183E+01   3.64301E-01
  2.32366E+01   3.66192E-01
  2.35549E+01   3.68017E-01
  2.38733E+01   3.69778E-01
  2.41916E+01   3.71477E-01
  2.45099E+01   3.73116E-01
  2.48282E+01   3.74697E-01
  2.51465E+01   3.76222E-01
  2.54648E+01   3.77693E-01
  2.57831E+01   3.79112E-01
  2.61014E+01   3.80480E-01
  2.64197E+01   3.81799E-01
  2.67380E+01   3.83071E-01
  2.70564E+01   3.84297E-01
  2.73747E+01   3.85479E-01
  2.76930E+01   3.86619E-01
  2.80113E+01   3.87718E-01
  2.83296E+01   3.88777E-01
  2.86479E+01   3.89799E-01
  2.89662E+01   3.90783E-01
  2.92845E+01   3.91732E-01
  2.96028E+01   3.92646E-01
  2.99211E+01   3.93527E-01
  3.02395E+01   3.94377E-01
  3.05578E+01   3.95195E-01
  3.08761E+01   3.95984E-01
  3.11944E+01   3.96744E-01
  3.15127E+01   3.97477E-01
  3.18310E+01   3.98183E-01
  3.21493E+01   3.98863E-01
  3.24676E+01   3.99518E-01
  3.27859E+01   4.00150E-01
  3.31042E+01   4.00758E-01
  3.34226E+01   4.01344E-01
  3.37409E+01   4.01909E-01
  3.40592E+01   4.02453E-01
  3.43775E+01   4.02978E-01
  3.46958E+01   4.03483E-01
  3.50141E+01   4.03969E-01
  3.53324E+01   4.04438E-01
  3.56507E+01   4.04890E-01
  3.59690E+01   4.05325E-01
  3.62873E+01   4.05744E-01
  3.66056E+01   4.06148E-01
  3.69240E+01   4.06537E-01
  3.72423E+01   4.06911E-01
  3.75606E+01   4.07272E-01
  3.78789E+01   4.07620E-01
  3.81972E+01   4.07955E-01
  3.85155E+01   4.08277E-01
  3.88338E+01   4.08588E-01
  3.91521E+01   4.08887E-01
  3.94704E+01   4.09175E-01
  3.97887E+01   4.09453E-01
  4.01071E+01   4.09720E-01
  4.04254E+01   4.09978E-01
  4.07437E+01   4.10226E-01
  4.10620E+01   4.10465E-01
  4.13803E+01   4.10695E-01
  4.16986E+01   4.10917E-01
  4.20169E+01   4.11130E-01
  4.23352E+01   4.11336E-01
  4.26535E+01   4.11534E-01
  4.29718E+01   4.11725E-01
  4.32902E+01   4.11908E-01
  4.36085E+01   4.12085E-01
  4.39268E+01   4.12256E-01
  4.42451E+01   4.12420E-01
  4.45634E+01   4.12578E-01
  4.48817E+01   4.12730E-01
  4.52000E+01   4.12877E-01
  4.55183E+01   4.13018E-01
  4.58366E+01   4.13154E-01
  4.61549E+01   4.13285E-01
  4.64733E+01   4.13411E-01
  4.67916E+01   4.13533E-01
  4.71099E+01   4.13650E-01
  4.74282E+01   4.13762E-01
  4.77465E+01   4.13871E-01
  4.80648E+01   4.13975E-01
  4.83831E+01   4.14076E-01
  4.87014E+01   4.14173E-01
  4.90197E+01   4.14266E-01
  4.93380E+01   4.14356E-01
  4.96564E+01   4.14443E-01
  4.99747E+01   4.14526E-01
  5.02930E+01   4.14607E-01
  5.06113E+01   4.14684E-01
  5.09296E+01   4.14758E-01
  5.12479E+01   4.14830E-01
  5.15662E+01   4.14899E-01
  5.18845E+01   4.14966E-01
  5.22028E+01   4.15030E-01
  5.25211E+01   4.15091E-01
  5.28395E+01   4.15151E-01
  5.31578E+01   4.15208E-01
  5.34761E+01   4.15263E-01
  5.37944E+01   4.15316E-01
  5.41127E+01   4.15367E-01
  5.44310E+01   4.15417E-01
  5.47493E+01   4.15464E-01
  5.50676E+01   4.15510E-01
  5.53859E+01   4.15554E-01
  5.57042E+01   4.15596E-01
  5.60226E+01   4.15637E-01
  5.63409E+01   4.15676E-01
  5.66592E+01   4.15714E-01
  5.69775E+01   4.15750E-01
  5.72958E+01   4.15785E-01
  5.76141E+01   4.15819E-01
  5.79324E+01   4.15851E-01
  5.82507E+01   4.15883E-01
  5.85690E+01   4.15913E-01
  5.88873E+01   4.15942E-01
  5.92057E+01   4.15970E-01
  5.95240E+01   4.15997E-01
  5.98423E+01   4.16023E-01
  6.01606E+01   4.16048E-01
  6.04789E+01   4.16072E-01
  6.07972E+01   4.16095E-01
  6.11155E+01   4.16117E-01
  6.14338E+01   4.16139E-01
  6.17521E+01   4.16159E-01
  6.20704E+01   4.16179E-01
  6.23888E+01   4.16198E-01
  6.27071E+01   4.16217E-01
  6.30254E+01   4.16235E-01
  6.33437E+01   4.16252E-01
  6.36620E+01   4.16268E-01
  6.39803E+01   4.16284E-01
  6.42986E+01   4.16300E-01
  6.46169E+01   4.16314E-01
  6.49352E+01   4.16328E-01
  6.52535E+01   4.16342E-01
  6.55719E+01   4.16355E-01
  6.58902E+01   4.16368E-01
  6.62085E+01   4.16380E-01
  6.65268E+01   4.16392E-01
  6.68451E+01   4.16403E-01
  6.71634E+01   4.16414E-01
  6.74817E+01   4.16425E-01
  6.78000E+01   4.16435E-01
  6.81183E+01   4.16444E-01
  6.84366E+01   4.16454E-01
  6.87550E+01   4.16463E-01
  6.90733E+01   4.16472E-01
  6.93916E+01   4.16480E-01
  6.97099E+01   4.16488E-01
  7.00282E+01   4.16496E-01
  7.03465E+01   4.16503E-01
  7.06648E+01   4.16510E-01
  7.09831E+01   4.16517E-01
  7.13014E+01   4.16524E-01
  7.16197E+01   4.16530E-01
  7.19381E+01   4.16537E-01
  7.22564E+01   4.16543E-01
  7.25747E+01   4.16548E-01
  7.28930E+01   4.16554E-01
  7.32113E+01   4.16559E-01
  7.35296E+01   4.16564E-01
  7.38479E+01   4.16569E-01
  7.41662E+01   4.16574E-01
  7.44845E+01   4.16579E-01
  7.48028E+01   4.16583E-01
  7.51212E+01   4.16587E-01
  7.54395E+01   4.16591E-01
  7.57578E+01   4.16595E-01
  7.60761E+01   4.16599E-01
  7.63944E+01   4.16603E-01
  7.67127E+01   4.16606E-01
  7.70310E+01   4.16610E-01
  7.73493E+01   4.16613E-01
  7.76676E+01   4.16616E-01
  7.79859E+01   4.16619E-01
  7.83043E+01   4.16622E-01
  7.86226E+01   4.16625E-01
  7.89409E+01   4.16627E-01
  7.92592E+01   4.16630E-01
  7.95775E+01   4.16633E-01
  7.98958E+01   4.16635E-01
  8.02141E+01   4.16637E-01
  8.05324E+01   4.16640E-01
  8.08507E+01   4.16642E-01
  8.11690E+01   4.16644E-01
  8.14874E+01   4.16646E-01
  8.18057E+01   4.16648E-01
  8.21240E+01   4.16650E-01
  8.24423E+01   4.16651E-01
  8.27606E+01   4.16653E-01
  8.30789E+01   4.16655E-01
  8.33972E+01   4.16656E-01
  8.37155E+01   4.16658E-01
  8.40338E+01   4.16659E-01
  8.43521E+01   4.16661E-01
  8.46705E+01   4.16662E-01
  8.49888E+01   4.16663E-01
  8.53071E+01   4.16665E-01
  8.56254E+01   4.16666E-01
  8.59437E+01   4.16667E-01
  8.62620E+01   4.16668E-01
  8.65803E+01   4.16669E-01
  8.68986E+01   4.16670E-01
  8.72169E+01   4.16671E-01
  8.75352E+01   4.16672E-01
  8.78536E+01   4.16673E-01
  8.81719E+01   4.16674E-01
  8.84902E+01   4.16675E-01
  8.88085E+01   4.16676E-01
  8.91268E+01   4.16677E-01
  8.94451E+01   4.16678E-01
  8.97634E+01   4.16678E-01
  9.00817E+01   4.16679E-01
  9.04000E+01   4.16680E-01
  9.07183E+01   4.16680E-01
  9.10367E+01   4.16681E-01
  9.13550E+01   4.16682E-01
  9.16733E+01   4.16682E-01
  9.19916E+01   4.16683E-01
  9.23099E+01   4.16683E-01
  9.26282E+01   4.16684E-01
  9.29465E+01   4.16684E-01
  9.32648E+01   4.16685E-01
  9.35831E+01   4.16685E-01
  9.39014E+01   4.16686E-01
  9.42198E+01   4.16686E-01
  9.45381E+01   4.16687E-01
  9.48564E+01   4.16687E-01
  9.51747E+01   4.16688E-01
  9.54930E+01   4.16688E-01
