 -2.00000E-03  -0.00000E+00  -0.00000E+00
 -1.99000E-03   0.00000E+00  -6.33097E-06
 -1.98000E-03   0.00000E+00  -1.86202E-05
 -1.97000E-03   0.00000E+00  -3.13206E-05
 -1.96000E-03   0.00000E+00  -4.53355E-05
 -1.95000E-03   0.00000E+00  -6.05418E-05
 -1.94000E-03   0.00000E+00  -7.71007E-05
 -1.93000E-03   0.00000E+00  -9.51067E-05
 -1.92000E-03   0.00000E+00  -1.14683E-04
 -1.91000E-03   0.00000E+00  -1.35956E-04
 -1.90000E-03   0.00000E+00  -1.59063E-04
 -1.89000E-03   0.00000E+00  -1.84152E-04
 -1.88000E-03   0.00000E+00  -2.11380E-04
 -1.87000E-03   0.00000E+00  -2.40919E-04
 -1.86000E-03   0.00000E+00  -2.72950E-04
 -1.85000E-03   0.00000E+00  -3.07668E-04
 -1.84000E-03   0.00000E+00  -3.45283E-04
 -1.83000E-03   0.00000E+00  -3.86019E-04
 -1.82000E-03   0.00000E+00  -4.30115E-04
 -1.81000E-03   0.00000E+00  -4.77830E-04
 -1.80000E-03   0.00000E+00  -5.29436E-04
 -1.79000E-03   0.00000E+00  -5.85229E-04
 -1.78000E-03   0.00000E+00  -6.45520E-04
 -1.77000E-03   0.00000E+00  -7.10645E-04
 -1.76000E-03   0.00000E+00  -7.80962E-04
 -1.75000E-03   0.00000E+00  -8.56850E-04
 -1.74000E-03   0.00000E+00  -9.38717E-04
 -1.73000E-03   0.00000E+00  -1.02699E-03
 -1.72000E-03   0.00000E+00  -1.12214E-03
 -1.71000E-03   0.00000E+00  -1.22466E-03
 -1.70000E-03   0.00000E+00  -1.33505E-03
 -1.69000E-03   0.00000E+00  -1.45389E-03
 -1.68000E-03   0.00000E+00  -1.58176E-03
 -1.67000E-03   0.00000E+00  -1.71928E-03
 -1.66000E-03   0.00000E+00  -1.86712E-03
 -1.65000E-03   0.00000E+00  -2.02599E-03
 -1.64000E-03   0.00000E+00  -2.19664E-03
 -1.63000E-03   0.00000E+00  -2.37985E-03
 -1.62000E-03   0.00000E+00  -2.57648E-03
 -1.61000E-03   0.00000E+00  -2.78740E-03
 -1.60000E-03   0.00000E+00  -3.01357E-03
 -1.59000E-03   0.00000E+00  -3.25597E-03
 -1.58000E-03   0.00000E+00  -3.51566E-03
 -1.57000E-03   0.00000E+00  -3.79376E-03
 -1.56000E-03   0.00000E+00  -4.09144E-03
 -1.55000E-03   0.00000E+00  -4.40993E-03
 -1.54000E-03   0.00000E+00  -4.75055E-03
 -1.53000E-03   0.00000E+00  -5.11468E-03
 -1.52000E-03   0.00000E+00  -5.50377E-03
 -1.51000E-03   0.00000E+00  -5.91934E-03
 -1.50000E-03   0.00000E+00  -6.36302E-03
 -1.49000E-03   0.00000E+00  -6.83649E-03
 -1.48000E-03   0.00000E+00  -7.34153E-03
 -1.47000E-03   0.00000E+00  -7.88002E-03
 -1.46000E-03   0.00000E+00  -8.45392E-03
 -1.45000E-03   0.00000E+00  -9.06530E-03
 -1.44000E-03   0.00000E+00  -9.71631E-03
 -1.43000E-03   0.00000E+00  -1.04092E-02
 -1.42000E-03   0.00000E+00  -1.11464E-02
 -1.41000E-03   0.00000E+00  -1.19304E-02
 -1.40000E-03   0.00000E+00  -1.27637E-02
 -1.39000E-03   0.00000E+00  -1.36491E-02
 -1.38000E-03   0.00000E+00  -1.45894E-02
 -1.37000E-03   0.00000E+00  -1.55876E-02
 -1.36000E-03   0.00000E+00  -1.66468E-02
 -1.35000E-03   0.00000E+00  -1.77702E-02
 -1.34000E-03   0.00000E+00  -1.89612E-02
 -1.33000E-03   0.00000E+00  -2.02233E-02
 -1.32000E-03   0.00000E+00  -2.15602E-02
 -1.31000E-03   0.00000E+00  -2.29755E-02
 -1.30000E-03   0.00000E+00  -2.44734E-02
 -1.29000E-03   0.00000E+00  -2.60578E-02
 -1.28000E-03   0.00000E+00  -2.77330E-02
 -1.27000E-03   0.00000E+00  -2.95034E-02
 -1.26000E-03   0.00000E+00  -3.13735E-02
 -1.25000E-03   0.00000E+00  -3.33482E-02
 -1.24000E-03   0.00000E+00  -3.54321E-02
 -1.23000E-03   0.00000E+00  -3.76305E-02
 -1.22000E-03   0.00000E+00  -3.99484E-02
 -1.21000E-03   0.00000E+00  -4.23911E-02
 -1.20000E-03   0.00000E+00  -4.49643E-02
 -1.19000E-03   0.00000E+00  -4.76735E-02
 -1.18000E-03   0.00000E+00  -5.05245E-02
 -1.17000E-03   0.00000E+00  -5.35233E-02
 -1.16000E-03   0.00000E+00  -5.66760E-02
 -1.15000E-03   0.00000E+00  -5.99887E-02
 -1.14000E-03   0.00000E+00  -6.34677E-02
 -1.13000E-03   0.00000E+00  -6.71195E-02
 -1.12000E-03   0.00000E+00  -7.09507E-02
 -1.11000E-03   0.00000E+00  -7.49677E-02
 -1.10000E-03   0.00000E+00  -7.91774E-02
 -1.09000E-03   0.00000E+00  -8.35863E-02
 -1.08000E-03   0.00000E+00  -8.82012E-02
 -1.07000E-03   0.00000E+00  -9.30289E-02
 -1.06000E-03   0.00000E+00  -9.80760E-02
 -1.05000E-03   0.00000E+00  -1.03349E-01
 -1.04000E-03   0.00000E+00  -1.08855E-01
 -1.03000E-03   0.00000E+00  -1.14600E-01
 -1.02000E-03   0.00000E+00  -1.20589E-01
 -1.01000E-03   0.00000E+00  -1.26830E-01
 -1.00000E-03   0.00000E+00  -1.33327E-01
 -9.90000E-04   0.00000E+00  -1.40086E-01
 -9.80000E-04   0.00000E+00  -1.47112E-01
 -9.70000E-04   0.00000E+00  -1.54408E-01
 -9.60000E-04   0.00000E+00  -1.61979E-01
 -9.50000E-04   0.00000E+00  -1.69827E-01
 -9.40000E-04   0.00000E+00  -1.77955E-01
 -9.30000E-04   0.00000E+00  -1.86363E-01
 -9.20000E-04   0.00000E+00  -1.95053E-01
 -9.10000E-04   0.00000E+00  -2.04022E-01
 -9.00000E-04   0.00000E+00  -2.13268E-01
 -8.90000E-04   0.00000E+00  -2.22788E-01
 -8.80000E-04   0.00000E+00  -2.32576E-01
 -8.70000E-04   0.00000E+00  -2.42625E-01
 -8.60000E-04   0.00000E+00  -2.52926E-01
 -8.50000E-04   0.00000E+00  -2.63466E-01
 -8.40000E-04   0.00000E+00  -2.74231E-01
 -8.30000E-04   0.00000E+00  -2.85206E-01
 -8.20000E-04   0.00000E+00  -2.96371E-01
 -8.10000E-04   0.00000E+00  -3.07702E-01
 -8.00000E-04   0.00000E+00  -3.19174E-01
 -7.90000E-04   0.00000E+00  -3.30758E-01
 -7.80000E-04   0.00000E+00  -3.42419E-01
 -7.70000E-04   0.00000E+00  -3.54121E-01
 -7.60000E-04   0.00000E+00  -3.65821E-01
 -7.50000E-04   0.00000E+00  -3.77472E-01
 -7.40000E-04   0.00000E+00  -3.89024E-01
 -7.30000E-04   0.00000E+00  -4.00420E-01
 -7.20000E-04   0.00000E+00  -4.11597E-01
 -7.10000E-04   0.00000E+00  -4.22490E-01
 -7.00000E-04   0.00000E+00  -4.33026E-01
 -6.90000E-04   0.00000E+00  -4.43126E-01
 -6.80000E-04   0.00000E+00  -4.52708E-01
 -6.70000E-04   0.00000E+00  -4.61681E-01
 -6.60000E-04   0.00000E+00  -4.69952E-01
 -6.50000E-04   0.00000E+00  -4.77421E-01
 -6.40000E-04   0.00000E+00  -4.83983E-01
 -6.30000E-04   0.00000E+00  -4.89529E-01
 -6.20000E-04   0.00000E+00  -4.93946E-01
 -6.10000E-04   0.00000E+00  -4.97119E-01
 -6.00000E-04   0.00000E+00  -4.98928E-01
 -5.90000E-04   0.00000E+00  -4.99253E-01
 -5.80000E-04   0.00000E+00  -4.97974E-01
 -5.70000E-04   0.00000E+00  -4.94972E-01
 -5.60000E-04   0.00000E+00  -4.90129E-01
 -5.50000E-04   0.00000E+00  -4.83331E-01
 -5.40000E-04   0.00000E+00  -4.74472E-01
 -5.30000E-04   0.00000E+00  -4.63451E-01
 -5.20000E-04   0.00000E+00  -4.50178E-01
 -5.10000E-04   0.00000E+00  -4.34576E-01
 -5.00000E-04   0.00000E+00  -4.16582E-01
 -4.90000E-04   0.00000E+00  -3.96147E-01
 -4.80000E-04   0.00000E+00  -3.73247E-01
 -4.70000E-04   0.00000E+00  -3.47875E-01
 -4.60000E-04   0.00000E+00  -3.20050E-01
 -4.50000E-04   0.00000E+00  -2.89820E-01
 -4.40000E-04   0.00000E+00  -2.57261E-01
 -4.30000E-04   0.00000E+00  -2.22478E-01
 -4.20000E-04   0.00000E+00  -1.85614E-01
 -4.10000E-04   0.00000E+00  -1.46844E-01
 -4.00000E-04   0.00000E+00  -1.06378E-01
 -3.90000E-04   0.00000E+00  -6.44654E-02
 -3.80000E-04   0.00000E+00  -2.13907E-02
 -3.70000E-04   0.00000E+00   2.25253E-02
 -3.60000E-04   0.00000E+00   6.69269E-02
 -3.50000E-04   0.00000E+00   1.11425E-01
 -3.40000E-04   0.00000E+00   1.55603E-01
 -3.30000E-04   0.00000E+00   1.99013E-01
 -3.20000E-04   0.00000E+00   2.41191E-01
 -3.10000E-04   0.00000E+00   2.81654E-01
 -3.00000E-04   0.00000E+00   3.19907E-01
 -2.90000E-04   0.00000E+00   3.55456E-01
 -2.80000E-04   0.00000E+00   3.87809E-01
 -2.70000E-04   0.00000E+00   4.16486E-01
 -2.60000E-04   0.00000E+00   4.41031E-01
 -2.50000E-04   0.00000E+00   4.61017E-01
 -2.40000E-04   0.00000E+00   4.76057E-01
 -2.30000E-04   0.00000E+00   4.85814E-01
 -2.20000E-04   0.00000E+00   4.90008E-01
 -2.10000E-04   0.00000E+00   4.88424E-01
 -2.00000E-04   0.00000E+00   4.80924E-01
 -1.90000E-04   0.00000E+00   4.67446E-01
 -1.80000E-04   0.00000E+00   4.48017E-01
 -1.70000E-04   0.00000E+00   4.22753E-01
 -1.60000E-04   0.00000E+00   3.91862E-01
 -1.50000E-04   0.00000E+00   3.55644E-01
 -1.40000E-04   0.00000E+00   3.14491E-01
 -1.30000E-04   0.00000E+00   2.68884E-01
 -1.20000E-04   0.00000E+00   2.19386E-01
 -1.10000E-04   0.00000E+00   1.66637E-01
 -1.00000E-04   0.00000E+00   1.11344E-01
 -9.00000E-05   0.00000E+00   5.42691E-02
 -8.00000E-05   0.00000E+00  -3.78020E-03
 -7.00000E-05   0.00000E+00  -6.19667E-02
 -6.00000E-05   0.00000E+00  -1.19437E-01
 -5.00000E-05   0.00000E+00  -1.75338E-01
 -4.00000E-05   0.00000E+00  -2.28830E-01
 -3.00000E-05   0.00000E+00  -2.79105E-01
 -2.00000E-05   0.00000E+00  -3.25401E-01
 -1.00000E-05   0.00000E+00  -3.67016E-01
  0.00000E+00   0.00000E+00  -4.03322E-01
  1.00000E-05   0.00000E+00  -4.33774E-01
  2.00000E-05   0.00000E+00  -4.57926E-01
  3.00000E-05   0.00000E+00  -4.75432E-01
  4.00000E-05   0.00000E+00  -4.86056E-01
  5.00000E-05   0.00000E+00  -4.89677E-01
  6.00000E-05   0.00000E+00  -4.86285E-01
  7.00000E-05   0.00000E+00  -4.75984E-01
  8.00000E-05   0.00000E+00  -4.58985E-01
  9.00000E-05   0.00000E+00  -4.35606E-01
  1.00000E-04   0.00000E+00  -4.06257E-01
  1.10000E-04   0.00000E+00  -3.71436E-01
  1.20000E-04   0.00000E+00  -3.31714E-01
  1.30000E-04   0.00000E+00  -2.87726E-01
  1.40000E-04   0.00000E+00  -2.40158E-01
  1.50000E-04   0.00000E+00  -1.89729E-01
  1.60000E-04   0.00000E+00  -1.37183E-01
  1.70000E-04   0.00000E+00  -8.32702E-02
  1.80000E-04   0.00000E+00  -2.87381E-02
  1.90000E-04   0.00000E+00   2.56836E-02
  2.00000E-04   0.00000E+00   7.92939E-02
  2.10000E-04   0.00000E+00   1.31431E-01
  2.20000E-04   0.00000E+00   1.81480E-01
  2.30000E-04   0.00000E+00   2.28883E-01
  2.40000E-04   0.00000E+00   2.73143E-01
  2.50000E-04   0.00000E+00   3.13829E-01
  2.60000E-04   0.00000E+00   3.50580E-01
  2.70000E-04   0.00000E+00   3.83106E-01
  2.80000E-04   0.00000E+00   4.11184E-01
  2.90000E-04   0.00000E+00   4.34666E-01
  3.00000E-04   0.00000E+00   4.53467E-01
  3.10000E-04   0.00000E+00   4.67568E-01
  3.20000E-04   0.00000E+00   4.77008E-01
  3.30000E-04   0.00000E+00   4.81880E-01
  3.40000E-04   0.00000E+00   4.82329E-01
  3.50000E-04   0.00000E+00   4.78539E-01
  3.60000E-04   0.00000E+00   4.70734E-01
  3.70000E-04   0.00000E+00   4.59168E-01
  3.80000E-04   0.00000E+00   4.44119E-01
  3.90000E-04   0.00000E+00   4.25885E-01
  4.00000E-04   0.00000E+00   4.04776E-01
  4.10000E-04   0.00000E+00   3.81110E-01
  4.20000E-04   0.00000E+00   3.55209E-01
  4.30000E-04   0.00000E+00   3.27391E-01
  4.40000E-04   0.00000E+00   2.97971E-01
  4.50000E-04   0.00000E+00   2.67254E-01
  4.60000E-04   0.00000E+00   2.35532E-01
  4.70000E-04   0.00000E+00   2.03084E-01
  4.80000E-04   0.00000E+00   1.70171E-01
  4.90000E-04   0.00000E+00   1.37037E-01
  5.00000E-04   0.00000E+00   1.03906E-01
  5.10000E-04   0.00000E+00   7.09845E-02
  5.20000E-04   0.00000E+00   3.84560E-02
  5.30000E-04   0.00000E+00   6.48545E-03
  5.40000E-04   0.00000E+00  -2.47824E-02
  5.50000E-04   0.00000E+00  -5.52220E-02
  5.60000E-04   0.00000E+00  -8.47266E-02
  5.70000E-04   0.00000E+00  -1.13207E-01
  5.80000E-04   0.00000E+00  -1.40591E-01
  5.90000E-04   0.00000E+00  -1.66821E-01
  6.00000E-04   0.00000E+00  -1.91857E-01
  6.10000E-04   0.00000E+00  -2.15667E-01
  6.20000E-04   0.00000E+00  -2.38237E-01
  6.30000E-04   0.00000E+00  -2.59559E-01
  6.40000E-04   0.00000E+00  -2.79639E-01
  6.50000E-04   0.00000E+00  -2.98487E-01
  6.60000E-04   0.00000E+00  -3.16124E-01
  6.70000E-04   0.00000E+00  -3.32575E-01
  6.80000E-04   0.00000E+00  -3.47874E-01
  6.90000E-04   0.00000E+00  -3.62055E-01
  7.00000E-04   0.00000E+00  -3.75158E-01
  7.10000E-04   0.00000E+00  -3.87227E-01
  7.20000E-04   0.00000E+00  -3.98305E-01
  7.30000E-04   0.00000E+00  -4.08440E-01
  7.40000E-04   0.00000E+00  -4.17678E-01
  7.50000E-04   0.00000E+00  -4.26067E-01
  7.60000E-04   0.00000E+00  -4.33656E-01
  7.70000E-04   0.00000E+00  -4.40492E-01
  7.80000E-04   0.00000E+00  -4.46621E-01
  7.90000E-04   0.00000E+00  -4.52089E-01
  8.00000E-04   0.00000E+00  -4.56942E-01
  8.10000E-04   0.00000E+00  -4.61221E-01
  8.20000E-04   0.00000E+00  -4.64970E-01
  8.30000E-04   0.00000E+00  -4.68228E-01
  8.40000E-04   0.00000E+00  -4.71034E-01
  8.50000E-04   0.00000E+00  -4.73424E-01
  8.60000E-04   0.00000E+00  -4.75432E-01
  8.70000E-04   0.00000E+00  -4.77093E-01
  8.80000E-04   0.00000E+00  -4.78436E-01
  8.90000E-04   0.00000E+00  -4.79491E-01
  9.00000E-04   0.00000E+00  -4.80286E-01
  9.10000E-04   0.00000E+00  -4.80845E-01
  9.20000E-04   0.00000E+00  -4.81194E-01
  9.30000E-04   0.00000E+00  -4.81354E-01
  9.40000E-04   0.00000E+00  -4.81346E-01
  9.50000E-04   0.00000E+00  -4.81189E-01
  9.60000E-04   0.00000E+00  -4.80901E-01
  9.70000E-04   0.00000E+00  -4.80498E-01
  9.80000E-04   0.00000E+00  -4.79996E-01
  9.90000E-04   0.00000E+00  -4.79407E-01
  1.00000E-03   0.00000E+00  -4.78745E-01
  1.01000E-03   0.00000E+00  -4.78021E-01
  1.02000E-03   0.00000E+00  -4.77245E-01
  1.03000E-03   0.00000E+00  -4.76426E-01
  1.04000E-03   0.00000E+00  -4.75575E-01
  1.05000E-03   0.00000E+00  -4.74697E-01
  1.06000E-03   0.00000E+00  -4.73800E-01
  1.07000E-03   0.00000E+00  -4.72890E-01
  1.08000E-03   0.00000E+00  -4.71973E-01
  1.09000E-03   0.00000E+00  -4.71053E-01
  1.10000E-03   0.00000E+00  -4.70135E-01
  1.11000E-03   0.00000E+00  -4.69223E-01
  1.12000E-03   0.00000E+00  -4.68320E-01
  1.13000E-03   0.00000E+00  -4.67428E-01
  1.14000E-03   0.00000E+00  -4.66551E-01
  1.15000E-03   0.00000E+00  -4.65689E-01
  1.16000E-03   0.00000E+00  -4.64846E-01
  1.17000E-03   0.00000E+00  -4.64023E-01
  1.18000E-03   0.00000E+00  -4.63220E-01
  1.19000E-03   0.00000E+00  -4.62438E-01
  1.20000E-03   0.00000E+00  -4.61679E-01
  1.21000E-03   0.00000E+00  -4.60943E-01
  1.22000E-03   0.00000E+00  -4.60230E-01
  1.23000E-03   0.00000E+00  -4.59540E-01
  1.24000E-03   0.00000E+00  -4.58873E-01
  1.25000E-03   0.00000E+00  -4.58230E-01
  1.26000E-03   0.00000E+00  -4.57611E-01
  1.27000E-03   0.00000E+00  -4.57014E-01
  1.28000E-03   0.00000E+00  -4.56439E-01
  1.29000E-03   0.00000E+00  -4.55887E-01
  1.30000E-03   0.00000E+00  -4.55356E-01
  1.31000E-03   0.00000E+00  -4.54847E-01
  1.32000E-03   0.00000E+00  -4.54357E-01
  1.33000E-03   0.00000E+00  -4.53888E-01
  1.34000E-03   0.00000E+00  -4.53439E-01
  1.35000E-03   0.00000E+00  -4.53008E-01
  1.36000E-03   0.00000E+00  -4.52595E-01
  1.37000E-03   0.00000E+00  -4.52199E-01
  1.38000E-03   0.00000E+00  -4.51821E-01
  1.39000E-03   0.00000E+00  -4.51458E-01
  1.40000E-03   0.00000E+00  -4.51111E-01
  1.41000E-03   0.00000E+00  -4.50779E-01
  1.42000E-03   0.00000E+00  -4.50461E-01
  1.43000E-03   0.00000E+00  -4.50156E-01
  1.44000E-03   0.00000E+00  -4.49864E-01
  1.45000E-03   0.00000E+00  -4.49585E-01
  1.46000E-03   0.00000E+00  -4.49317E-01
  1.47000E-03   0.00000E+00  -4.49060E-01
  1.48000E-03   0.00000E+00  -4.48814E-01
  1.49000E-03   0.00000E+00  -4.48578E-01
  1.50000E-03   0.00000E+00  -4.48352E-01
  1.51000E-03   0.00000E+00  -4.48135E-01
  1.52000E-03   0.00000E+00  -4.47926E-01
  1.53000E-03   0.00000E+00  -4.47725E-01
  1.54000E-03   0.00000E+00  -4.47532E-01
  1.55000E-03   0.00000E+00  -4.47346E-01
  1.56000E-03   0.00000E+00  -4.47167E-01
  1.57000E-03   0.00000E+00  -4.46995E-01
  1.58000E-03   0.00000E+00  -4.46828E-01
  1.59000E-03   0.00000E+00  -4.46667E-01
  1.60000E-03   0.00000E+00  -4.46512E-01
  1.61000E-03   0.00000E+00  -4.46362E-01
  1.62000E-03   0.00000E+00  -4.46216E-01
  1.63000E-03   0.00000E+00  -4.46075E-01
  1.64000E-03   0.00000E+00  -4.45938E-01
  1.65000E-03   0.00000E+00  -4.45805E-01
  1.66000E-03   0.00000E+00  -4.45675E-01
  1.67000E-03   0.00000E+00  -4.45550E-01
  1.68000E-03   0.00000E+00  -4.45427E-01
  1.69000E-03   0.00000E+00  -4.45307E-01
  1.70000E-03   0.00000E+00  -4.45190E-01
  1.71000E-03   0.00000E+00  -4.45076E-01
  1.72000E-03   0.00000E+00  -4.44964E-01
  1.73000E-03   0.00000E+00  -4.44855E-01
  1.74000E-03   0.00000E+00  -4.44748E-01
  1.75000E-03   0.00000E+00  -4.44642E-01
  1.76000E-03   0.00000E+00  -4.44539E-01
  1.77000E-03   0.00000E+00  -4.44437E-01
  1.78000E-03   0.00000E+00  -4.44337E-01
  1.79000E-03   0.00000E+00  -4.44239E-01
  1.80000E-03   0.00000E+00  -4.44142E-01
  1.81000E-03   0.00000E+00  -4.44046E-01
  1.82000E-03   0.00000E+00  -4.43951E-01
  1.83000E-03   0.00000E+00  -4.43858E-01
  1.84000E-03   0.00000E+00  -4.43765E-01
  1.85000E-03   0.00000E+00  -4.43674E-01
  1.86000E-03   0.00000E+00  -4.43583E-01
  1.87000E-03   0.00000E+00  -4.43494E-01
  1.88000E-03   0.00000E+00  -4.43405E-01
  1.89000E-03   0.00000E+00  -4.43317E-01
  1.90000E-03   0.00000E+00  -4.43229E-01
  1.91000E-03   0.00000E+00  -4.43142E-01
  1.92000E-03   0.00000E+00  -4.43056E-01
  1.93000E-03   0.00000E+00  -4.42970E-01
  1.94000E-03   0.00000E+00  -4.42885E-01
  1.95000E-03   0.00000E+00  -4.42800E-01
  1.96000E-03   0.00000E+00  -4.42715E-01
  1.97000E-03   0.00000E+00  -4.42631E-01
  1.98000E-03   0.00000E+00  -4.42548E-01
  1.99000E-03   0.00000E+00  -4.42464E-01
  2.00000E-03   0.00000E+00  -4.42381E-01
