 -3.00000E+01  -5.56074E-04  -3.76364E-03
 -2.98000E+01  -5.52429E-04  -3.76454E-03
 -2.96000E+01  -5.48781E-04  -3.76544E-03
 -2.94000E+01  -5.45131E-04  -3.76633E-03
 -2.92000E+01  -5.41479E-04  -3.76723E-03
 -2.90000E+01  -5.37825E-04  -3.76811E-03
 -2.88000E+01  -5.34168E-04  -3.76900E-03
 -2.86000E+01  -5.30508E-04  -3.76988E-03
 -2.84000E+01  -5.26846E-04  -3.77076E-03
 -2.82000E+01  -5.23182E-04  -3.77164E-03
 -2.80000E+01  -5.19515E-04  -3.77251E-03
 -2.78000E+01  -5.15845E-04  -3.77338E-03
 -2.76000E+01  -5.12173E-04  -3.77425E-03
 -2.74000E+01  -5.08498E-04  -3.77512E-03
 -2.72000E+01  -5.04820E-04  -3.77598E-03
 -2.70000E+01  -5.01139E-04  -3.77685E-03
 -2.68000E+01  -4.97456E-04  -3.77771E-03
 -2.66000E+01  -4.93769E-04  -3.77857E-03
 -2.64000E+01  -4.90079E-04  -3.77942E-03
 -2.62000E+01  -4.86386E-04  -3.78028E-03
 -2.60000E+01  -4.82690E-04  -3.78114E-03
 -2.58000E+01  -4.78991E-04  -3.78199E-03
 -2.56000E+01  -4.75288E-04  -3.78285E-03
 -2.54000E+01  -4.71581E-04  -3.78370E-03
 -2.52000E+01  -4.67871E-04  -3.78455E-03
 -2.50000E+01  -4.64156E-04  -3.78541E-03
 -2.48000E+01  -4.60438E-04  -3.78626E-03
 -2.46000E+01  -4.56716E-04  -3.78712E-03
 -2.44000E+01  -4.52989E-04  -3.78798E-03
 -2.42000E+01  -4.49258E-04  -3.78883E-03
 -2.40000E+01  -4.45522E-04  -3.78969E-03
 -2.38000E+01  -4.41781E-04  -3.79056E-03
 -2.36000E+01  -4.38035E-04  -3.79142E-03
 -2.34000E+01  -4.34284E-04  -3.79229E-03
 -2.32000E+01  -4.30527E-04  -3.79316E-03
 -2.30000E+01  -4.26764E-04  -3.79404E-03
 -2.28000E+01  -4.22995E-04  -3.79492E-03
 -2.26000E+01  -4.19219E-04  -3.79581E-03
 -2.24000E+01  -4.15436E-04  -3.79670E-03
 -2.22000E+01  -4.11645E-04  -3.79760E-03
 -2.20000E+01  -4.07847E-04  -3.79851E-03
 -2.18000E+01  -4.04040E-04  -3.79943E-03
 -2.16000E+01  -4.00225E-04  -3.80035E-03
 -2.14000E+01  -3.96400E-04  -3.80129E-03
 -2.12000E+01  -3.92564E-04  -3.80223E-03
 -2.10000E+01  -3.88719E-04  -3.80319E-03
 -2.08000E+01  -3.84861E-04  -3.80416E-03
 -2.06000E+01  -3.80991E-04  -3.80515E-03
 -2.04000E+01  -3.77108E-04  -3.80615E-03
 -2.02000E+01  -3.73211E-04  -3.80717E-03
 -2.00000E+01  -3.69298E-04  -3.80820E-03
 -1.98000E+01  -3.65369E-04  -3.80926E-03
 -1.96000E+01  -3.61422E-04  -3.81034E-03
 -1.94000E+01  -3.57456E-04  -3.81144E-03
 -1.92000E+01  -3.53469E-04  -3.81257E-03
 -1.90000E+01  -3.49459E-04  -3.81373E-03
 -1.88000E+01  -3.45425E-04  -3.81492E-03
 -1.86000E+01  -3.41364E-04  -3.81614E-03
 -1.84000E+01  -3.37274E-04  -3.81740E-03
 -1.82000E+01  -3.33152E-04  -3.81869E-03
 -1.80000E+01  -3.28996E-04  -3.82003E-03
 -1.78000E+01  -3.24801E-04  -3.82142E-03
 -1.76000E+01  -3.20565E-04  -3.82286E-03
 -1.74000E+01  -3.16283E-04  -3.82435E-03
 -1.72000E+01  -3.11951E-04  -3.82590E-03
 -1.70000E+01  -3.07563E-04  -3.82751E-03
 -1.68000E+01  -3.03114E-04  -3.82919E-03
 -1.66000E+01  -2.98596E-04  -3.83095E-03
 -1.64000E+01  -2.94003E-04  -3.83280E-03
 -1.62000E+01  -2.89327E-04  -3.83473E-03
 -1.60000E+01  -2.84557E-04  -3.83677E-03
 -1.58000E+01  -2.79682E-04  -3.83891E-03
 -1.56000E+01  -2.74691E-04  -3.84117E-03
 -1.54000E+01  -2.69569E-04  -3.84355E-03
 -1.52000E+01  -2.64300E-04  -3.84608E-03
 -1.50000E+01  -2.58865E-04  -3.84877E-03
 -1.48000E+01  -2.53243E-04  -3.85162E-03
 -1.46000E+01  -2.47408E-04  -3.85465E-03
 -1.44000E+01  -2.41331E-04  -3.85788E-03
 -1.42000E+01  -2.34979E-04  -3.86134E-03
 -1.40000E+01  -2.28312E-04  -3.86504E-03
 -1.38000E+01  -2.21283E-04  -3.86900E-03
 -1.36000E+01  -2.13838E-04  -3.87325E-03
 -1.34000E+01  -2.05912E-04  -3.87781E-03
 -1.32000E+01  -1.97429E-04  -3.88271E-03
 -1.30000E+01  -1.88295E-04  -3.88799E-03
 -1.28000E+01  -1.78403E-04  -3.89366E-03
 -1.26000E+01  -1.67620E-04  -3.89977E-03
 -1.24000E+01  -1.55786E-04  -3.90632E-03
 -1.22000E+01  -1.42708E-04  -3.91336E-03
 -1.20000E+01  -1.28153E-04  -3.92088E-03
 -1.18000E+01  -1.11832E-04  -3.92888E-03
 -1.16000E+01  -9.33962E-05  -3.93732E-03
 -1.14000E+01  -7.24163E-05  -3.94613E-03
 -1.12000E+01  -4.83682E-05  -3.95516E-03
 -1.10000E+01  -2.06151E-05  -3.96415E-03
 -1.08000E+01   1.16087E-05  -3.97268E-03
 -1.06000E+01   4.92046E-05  -3.98009E-03
 -1.04000E+01   9.31951E-05  -3.98536E-03
 -1.02000E+01   1.44659E-04  -3.98694E-03
 -1.00000E+01   2.04576E-04  -3.98255E-03
 -9.80000E+00   2.73504E-04  -3.96897E-03
 -9.60000E+00   3.51014E-04  -3.94191E-03
 -9.40000E+00   4.34858E-04  -3.89624E-03
 -9.20000E+00   5.20016E-04  -3.82677E-03
 -9.00000E+00   5.98209E-04  -3.73003E-03
 -8.80000E+00   6.58754E-04  -3.60654E-03
 -8.60000E+00   6.91265E-04  -3.46237E-03
 -8.40000E+00   6.89178E-04  -3.30829E-03
 -8.20000E+00   6.51854E-04  -3.15664E-03
 -8.00000E+00   5.83935E-04  -3.01771E-03
 -7.80000E+00   4.92830E-04  -2.89780E-03
 -7.60000E+00   3.86195E-04  -2.79936E-03
 -7.40000E+00   2.70453E-04  -2.72211E-03
 -7.20000E+00   1.50343E-04  -2.66431E-03
 -7.00000E+00   2.90674E-05  -2.62369E-03
 -6.80000E+00  -9.13640E-05  -2.59801E-03
 -6.60000E+00  -2.09780E-04  -2.58522E-03
 -6.40000E+00  -3.25569E-04  -2.58365E-03
 -6.20000E+00  -4.38470E-04  -2.59193E-03
 -6.00000E+00  -5.48441E-04  -2.60902E-03
 -5.80000E+00  -6.55562E-04  -2.63414E-03
 -5.60000E+00  -7.59977E-04  -2.66675E-03
 -5.40000E+00  -8.61852E-04  -2.70647E-03
 -5.20000E+00  -9.61348E-04  -2.75315E-03
 -5.00000E+00  -1.05860E-03  -2.80674E-03
 -4.80000E+00  -1.15370E-03  -2.86737E-03
 -4.60000E+00  -1.24667E-03  -2.93528E-03
 -4.40000E+00  -1.33746E-03  -3.01085E-03
 -4.20000E+00  -1.42592E-03  -3.09456E-03
 -4.00000E+00  -1.51175E-03  -3.18706E-03
 -3.80000E+00  -1.59450E-03  -3.28907E-03
 -3.60000E+00  -1.67347E-03  -3.40145E-03
 -3.40000E+00  -1.74770E-03  -3.52513E-03
 -3.20000E+00  -1.81587E-03  -3.66110E-03
 -3.00000E+00  -1.87624E-03  -3.81033E-03
 -2.80000E+00  -1.92652E-03  -3.97364E-03
 -2.60000E+00  -1.96384E-03  -4.15159E-03
 -2.40000E+00  -1.98469E-03  -4.34420E-03
 -2.20000E+00  -1.98495E-03  -4.55067E-03
 -2.00000E+00  -1.96010E-03  -4.76899E-03
 -1.80000E+00  -1.90559E-03  -4.99569E-03
 -1.60000E+00  -1.81739E-03  -5.22557E-03
 -1.40000E+00  -1.69277E-03  -5.45186E-03
 -1.20000E+00  -1.53101E-03  -5.66664E-03
 -1.00000E+00  -1.33377E-03  -5.86178E-03
 -8.00000E-01  -1.10510E-03  -6.02991E-03
 -6.00000E-01  -8.50768E-04  -6.16522E-03
 -4.00000E-01  -5.77405E-04  -6.26385E-03
 -2.00000E-01  -2.91705E-04  -6.32365E-03
  0.00000E+00   4.86131E-19  -6.34366E-03
  2.00000E-01   2.91705E-04  -6.32365E-03
  4.00000E-01   5.77405E-04  -6.26385E-03
  6.00000E-01   8.50768E-04  -6.16522E-03
  8.00000E-01   1.10510E-03  -6.02991E-03
  1.00000E+00   1.33377E-03  -5.86178E-03
  1.20000E+00   1.53101E-03  -5.66664E-03
  1.40000E+00   1.69277E-03  -5.45186E-03
  1.60000E+00   1.81739E-03  -5.22557E-03
  1.80000E+00   1.90559E-03  -4.99569E-03
  2.00000E+00   1.96010E-03  -4.76899E-03
  2.20000E+00   1.98495E-03  -4.55067E-03
  2.40000E+00   1.98469E-03  -4.34420E-03
  2.60000E+00   1.96384E-03  -4.15159E-03
  2.80000E+00   1.92652E-03  -3.97364E-03
  3.00000E+00   1.87624E-03  -3.81033E-03
  3.20000E+00   1.81587E-03  -3.66110E-03
  3.40000E+00   1.74770E-03  -3.52513E-03
  3.60000E+00   1.67347E-03  -3.40145E-03
  3.80000E+00   1.59450E-03  -3.28907E-03
  4.00000E+00   1.51175E-03  -3.18706E-03
  4.20000E+00   1.42592E-03  -3.09456E-03
  4.40000E+00   1.33746E-03  -3.01085E-03
  4.60000E+00   1.24667E-03  -2.93528E-03
  4.80000E+00   1.15370E-03  -2.86737E-03
  5.00000E+00   1.05860E-03  -2.80674E-03
  5.20000E+00   9.61348E-04  -2.75315E-03
  5.40000E+00   8.61852E-04  -2.70647E-03
  5.60000E+00   7.59977E-04  -2.66675E-03
  5.80000E+00   6.55562E-04  -2.63414E-03
  6.00000E+00   5.48441E-04  -2.60902E-03
  6.20000E+00   4.38470E-04  -2.59193E-03
  6.40000E+00   3.25569E-04  -2.58365E-03
  6.60000E+00   2.09780E-04  -2.58522E-03
  6.80000E+00   9.13640E-05  -2.59801E-03
  7.00000E+00  -2.90674E-05  -2.62369E-03
  7.20000E+00  -1.50343E-04  -2.66431E-03
  7.40000E+00  -2.70453E-04  -2.72211E-03
  7.60000E+00  -3.86195E-04  -2.79936E-03
  7.80000E+00  -4.92830E-04  -2.89780E-03
  8.00000E+00  -5.83935E-04  -3.01771E-03
  8.20000E+00  -6.51854E-04  -3.15664E-03
  8.40000E+00  -6.89178E-04  -3.30829E-03
  8.60000E+00  -6.91265E-04  -3.46237E-03
  8.80000E+00  -6.58754E-04  -3.60654E-03
  9.00000E+00  -5.98209E-04  -3.73003E-03
  9.20000E+00  -5.20016E-04  -3.82677E-03
  9.40000E+00  -4.34858E-04  -3.89624E-03
  9.60000E+00  -3.51014E-04  -3.94191E-03
  9.80000E+00  -2.73504E-04  -3.96897E-03
  1.00000E+01  -2.04576E-04  -3.98255E-03
  1.02000E+01  -1.44659E-04  -3.98694E-03
  1.04000E+01  -9.31951E-05  -3.98536E-03
  1.06000E+01  -4.92046E-05  -3.98009E-03
  1.08000E+01  -1.16087E-05  -3.97268E-03
  1.10000E+01   2.06151E-05  -3.96415E-03
  1.12000E+01   4.83682E-05  -3.95516E-03
  1.14000E+01   7.24163E-05  -3.94613E-03
  1.16000E+01   9.33962E-05  -3.93732E-03
  1.18000E+01   1.11832E-04  -3.92888E-03
  1.20000E+01   1.28153E-04  -3.92088E-03
  1.22000E+01   1.42708E-04  -3.91336E-03
  1.24000E+01   1.55786E-04  -3.90632E-03
  1.26000E+01   1.67620E-04  -3.89977E-03
  1.28000E+01   1.78403E-04  -3.89366E-03
  1.30000E+01   1.88295E-04  -3.88799E-03
  1.32000E+01   1.97429E-04  -3.88271E-03
  1.34000E+01   2.05912E-04  -3.87781E-03
  1.36000E+01   2.13838E-04  -3.87325E-03
  1.38000E+01   2.21283E-04  -3.86900E-03
  1.40000E+01   2.28312E-04  -3.86504E-03
  1.42000E+01   2.34979E-04  -3.86134E-03
  1.44000E+01   2.41331E-04  -3.85788E-03
  1.46000E+01   2.47408E-04  -3.85465E-03
  1.48000E+01   2.53243E-04  -3.85162E-03
  1.50000E+01   2.58865E-04  -3.84877E-03
  1.52000E+01   2.64300E-04  -3.84608E-03
  1.54000E+01   2.69569E-04  -3.84355E-03
  1.56000E+01   2.74691E-04  -3.84117E-03
  1.58000E+01   2.79682E-04  -3.83891E-03
  1.60000E+01   2.84557E-04  -3.83677E-03
  1.62000E+01   2.89327E-04  -3.83473E-03
  1.64000E+01   2.94003E-04  -3.83280E-03
  1.66000E+01   2.98596E-04  -3.83095E-03
  1.68000E+01   3.03114E-04  -3.82919E-03
  1.70000E+01   3.07563E-04  -3.82751E-03
  1.72000E+01   3.11951E-04  -3.82590E-03
  1.74000E+01   3.16283E-04  -3.82435E-03
  1.76000E+01   3.20565E-04  -3.82286E-03
  1.78000E+01   3.24801E-04  -3.82142E-03
  1.80000E+01   3.28996E-04  -3.82003E-03
  1.82000E+01   3.33152E-04  -3.81869E-03
  1.84000E+01   3.37274E-04  -3.81740E-03
  1.86000E+01   3.41364E-04  -3.81614E-03
  1.88000E+01   3.45425E-04  -3.81492E-03
  1.90000E+01   3.49459E-04  -3.81373E-03
  1.92000E+01   3.53469E-04  -3.81257E-03
  1.94000E+01   3.57456E-04  -3.81144E-03
  1.96000E+01   3.61422E-04  -3.81034E-03
  1.98000E+01   3.65369E-04  -3.80926E-03
  2.00000E+01   3.69298E-04  -3.80820E-03
  2.02000E+01   3.73211E-04  -3.80717E-03
  2.04000E+01   3.77108E-04  -3.80615E-03
  2.06000E+01   3.80991E-04  -3.80515E-03
  2.08000E+01   3.84861E-04  -3.80416E-03
  2.10000E+01   3.88719E-04  -3.80319E-03
  2.12000E+01   3.92564E-04  -3.80223E-03
  2.14000E+01   3.96400E-04  -3.80129E-03
  2.16000E+01   4.00225E-04  -3.80035E-03
  2.18000E+01   4.04040E-04  -3.79943E-03
  2.20000E+01   4.07847E-04  -3.79851E-03
  2.22000E+01   4.11645E-04  -3.79760E-03
  2.24000E+01   4.15436E-04  -3.79670E-03
  2.26000E+01   4.19219E-04  -3.79581E-03
  2.28000E+01   4.22995E-04  -3.79492E-03
  2.30000E+01   4.26764E-04  -3.79404E-03
  2.32000E+01   4.30527E-04  -3.79316E-03
  2.34000E+01   4.34284E-04  -3.79229E-03
  2.36000E+01   4.38035E-04  -3.79142E-03
  2.38000E+01   4.41781E-04  -3.79056E-03
  2.40000E+01   4.45522E-04  -3.78969E-03
  2.42000E+01   4.49258E-04  -3.78883E-03
  2.44000E+01   4.52989E-04  -3.78798E-03
  2.46000E+01   4.56716E-04  -3.78712E-03
  2.48000E+01   4.60438E-04  -3.78626E-03
  2.50000E+01   4.64156E-04  -3.78541E-03
  2.52000E+01   4.67871E-04  -3.78455E-03
  2.54000E+01   4.71581E-04  -3.78370E-03
  2.56000E+01   4.75288E-04  -3.78285E-03
  2.58000E+01   4.78991E-04  -3.78199E-03
  2.60000E+01   4.82690E-04  -3.78114E-03
  2.62000E+01   4.86386E-04  -3.78028E-03
  2.64000E+01   4.90079E-04  -3.77942E-03
  2.66000E+01   4.93769E-04  -3.77857E-03
  2.68000E+01   4.97456E-04  -3.77771E-03
  2.70000E+01   5.01139E-04  -3.77685E-03
  2.72000E+01   5.04820E-04  -3.77598E-03
  2.74000E+01   5.08498E-04  -3.77512E-03
  2.76000E+01   5.12173E-04  -3.77425E-03
  2.78000E+01   5.15845E-04  -3.77338E-03
  2.80000E+01   5.19515E-04  -3.77251E-03
  2.82000E+01   5.23182E-04  -3.77164E-03
  2.84000E+01   5.26846E-04  -3.77076E-03
  2.86000E+01   5.30508E-04  -3.76988E-03
  2.88000E+01   5.34168E-04  -3.76900E-03
  2.90000E+01   5.37825E-04  -3.76811E-03
  2.92000E+01   5.41479E-04  -3.76723E-03
  2.94000E+01   5.45131E-04  -3.76633E-03
  2.96000E+01   5.48781E-04  -3.76544E-03
  2.98000E+01   5.52429E-04  -3.76454E-03
  3.00000E+01   5.56074E-04  -3.76364E-03
