 -2.00000E+03   7.15891E-05   1.02227E-05   1.00004E+00   8.07931E+01
 -1.96000E+03   7.65385E-05   1.44378E-05   1.00004E+00   1.14106E+02
 -1.92000E+03   8.14232E-05   1.98674E-05   1.00004E+00   1.57018E+02
 -1.88000E+03   8.59497E-05   2.66251E-05   1.00004E+00   2.10425E+02
 -1.84000E+03   8.97653E-05   3.47439E-05   1.00004E+00   2.74589E+02
 -1.80000E+03   9.24842E-05   4.41497E-05   1.00005E+00   3.48925E+02
 -1.76000E+03   9.37250E-05   5.46454E-05   1.00005E+00   4.31874E+02
 -1.72000E+03   9.31569E-05   6.59093E-05   1.00005E+00   5.20895E+02
 -1.68000E+03   9.05456E-05   7.75144E-05   1.00005E+00   6.12614E+02
 -1.64000E+03   8.57894E-05   8.89655E-05   1.00004E+00   7.03116E+02
 -1.60000E+03   7.89399E-05   9.97504E-05   1.00004E+00   7.88355E+02
 -1.56000E+03   7.01980E-05   1.09397E-04   1.00004E+00   8.64595E+02
 -1.52000E+03   5.98876E-05   1.17522E-04   1.00003E+00   9.28814E+02
 -1.48000E+03   4.84106E-05   1.23867E-04   1.00002E+00   9.78970E+02
 -1.44000E+03   3.61926E-05   1.28310E-04   1.00002E+00   1.01409E+03
 -1.40000E+03   2.36330E-05   1.30847E-04   1.00001E+00   1.03415E+03
 -1.36000E+03   1.10689E-05   1.31565E-04   1.00001E+00   1.03983E+03
 -1.32000E+03  -1.23904E-06   1.30596E-04   9.99999E-01   1.03217E+03
 -1.28000E+03  -1.30990E-05   1.28079E-04   9.99993E-01   1.01229E+03
 -1.24000E+03  -2.43634E-05   1.24135E-04   9.99988E-01   9.81125E+02
 -1.20000E+03  -3.48977E-05   1.18861E-04   9.99983E-01   9.39445E+02
 -1.16000E+03  -4.45548E-05   1.12341E-04   9.99978E-01   8.87916E+02
 -1.12000E+03  -5.31628E-05   1.04672E-04   9.99973E-01   8.27306E+02
 -1.08000E+03  -6.05309E-05   9.59924E-05   9.99970E-01   7.58707E+02
 -1.04000E+03  -6.64717E-05   8.65013E-05   9.99967E-01   6.83693E+02
 -1.00000E+03  -7.08323E-05   7.64642E-05   9.99965E-01   6.04363E+02
 -9.60000E+02  -7.35269E-05   6.62005E-05   9.99963E-01   5.23241E+02
 -9.20000E+02  -7.45588E-05   5.60567E-05   9.99963E-01   4.43066E+02
 -8.80000E+02  -7.40292E-05   4.63709E-05   9.99963E-01   3.66510E+02
 -8.40000E+02  -7.21290E-05   3.74372E-05   9.99964E-01   2.95898E+02
 -8.00000E+02  -6.91164E-05   2.94772E-05   9.99965E-01   2.32984E+02
 -7.60000E+02  -6.52860E-05   2.26249E-05   9.99967E-01   1.78824E+02
 -7.20000E+02  -6.09369E-05   1.69239E-05   9.99970E-01   1.33764E+02
 -6.80000E+02  -5.63433E-05   1.23381E-05   9.99972E-01   9.75180E+01
 -6.40000E+02  -5.17348E-05   8.76999E-06   9.99974E-01   6.93161E+01
 -6.00000E+02  -4.72854E-05   6.08313E-06   9.99976E-01   4.80797E+01
 -5.60000E+02  -4.31119E-05   4.12385E-06   9.99978E-01   3.25939E+01
 -5.20000E+02  -3.92796E-05   2.73932E-06   9.99980E-01   2.16509E+01
 -4.80000E+02  -3.58120E-05   1.79035E-06   9.99982E-01   1.41505E+01
 -4.40000E+02  -3.27023E-05   1.15875E-06   9.99984E-01   9.15845E+00
 -4.00000E+02  -2.99244E-05   7.49890E-07   9.99985E-01   5.92691E+00
 -3.60000E+02  -2.74420E-05   4.91862E-07   9.99986E-01   3.88752E+00
 -3.20000E+02  -2.52152E-05   3.32560E-07   9.99987E-01   2.62845E+00
 -2.80000E+02  -2.32055E-05   2.35841E-07   9.99988E-01   1.86401E+00
 -2.40000E+02  -2.13778E-05   1.77638E-07   9.99989E-01   1.40400E+00
 -2.00000E+02  -1.97017E-05   1.42530E-07   9.99990E-01   1.12651E+00
 -1.60000E+02  -1.81518E-05   1.20983E-07   9.99991E-01   9.56207E-01
 -1.20000E+02  -1.67068E-05   1.07299E-07   9.99992E-01   8.48052E-01
 -8.00000E+01  -1.53492E-05   9.81719E-08   9.99992E-01   7.75916E-01
 -4.00000E+01  -1.40648E-05   9.17338E-08   9.99993E-01   7.25031E-01
  0.00000E+00  -1.28415E-05   8.69491E-08   9.99994E-01   6.87214E-01
  4.00000E+01  -1.16693E-05   8.32508E-08   9.99994E-01   6.57984E-01
  8.00000E+01  -1.05394E-05   8.03281E-08   9.99995E-01   6.34883E-01
  1.20000E+02  -9.44425E-06   7.80084E-08   9.99995E-01   6.16549E-01
  1.60000E+02  -8.37705E-06   7.61937E-08   9.99996E-01   6.02206E-01
  2.00000E+02  -7.33158E-06   7.48272E-08   9.99996E-01   5.91406E-01
  2.40000E+02  -6.30204E-06   7.38769E-08   9.99997E-01   5.83894E-01
  2.80000E+02  -5.28291E-06   7.33283E-08   9.99997E-01   5.79558E-01
  3.20000E+02  -4.26874E-06   7.31829E-08   9.99998E-01   5.78409E-01
  3.60000E+02  -3.25413E-06   7.34622E-08   9.99998E-01   5.80616E-01
  4.00000E+02  -2.23350E-06   7.42175E-08   9.99999E-01   5.86585E-01
  4.40000E+02  -1.20097E-06   7.55517E-08   9.99999E-01   5.97130E-01
  4.80000E+02  -1.50217E-07   7.76599E-08   1.00000E+00   6.13791E-01
  5.20000E+02   9.25790E-07   8.09022E-08   1.00000E+00   6.39417E-01
  5.60000E+02   2.03499E-06   8.59313E-08   1.00000E+00   6.79165E-01
  6.00000E+02   3.18655E-06   9.39029E-08   1.00000E+00   7.42169E-01
  6.40000E+02   4.39116E-06   1.06812E-07   1.00000E+00   8.44192E-01
  6.80000E+02   5.66137E-06   1.27999E-07   1.00000E+00   1.01165E+00
  7.20000E+02   7.01183E-06   1.62887E-07   1.00000E+00   1.28739E+00
  7.60000E+02   8.45944E-06   2.19971E-07   1.00000E+00   1.73855E+00
  8.00000E+02   1.00232E-05   3.12079E-07   1.00001E+00   2.46653E+00
  8.40000E+02   1.17233E-05   4.57845E-07   1.00001E+00   3.61860E+00
  8.80000E+02   1.35805E-05   6.83244E-07   1.00001E+00   5.40004E+00
  9.20000E+02   1.56135E-05   1.02295E-06   1.00001E+00   8.08489E+00
  9.60000E+02   1.78364E-05   1.52115E-06   1.00001E+00   1.20224E+01
  1.00000E+03   2.02553E-05   2.23145E-06   1.00001E+00   1.76363E+01
  1.04000E+03   2.28648E-05   3.21549E-06   1.00001E+00   2.54136E+01
  1.08000E+03   2.56443E-05   4.54002E-06   1.00001E+00   3.58820E+01
  1.12000E+03   2.85562E-05   6.27275E-06   1.00001E+00   4.95765E+01
  1.16000E+03   3.15446E-05   8.47722E-06   1.00002E+00   6.69994E+01
  1.20000E+03   3.45374E-05   1.12079E-05   1.00002E+00   8.85807E+01
  1.24000E+03   3.74493E-05   1.45060E-05   1.00002E+00   1.14648E+02
  1.28000E+03   4.01861E-05   1.83984E-05   1.00002E+00   1.45411E+02
  1.32000E+03   4.26484E-05   2.28977E-05   1.00002E+00   1.80970E+02
  1.36000E+03   4.47338E-05   2.80052E-05   1.00002E+00   2.21336E+02
  1.40000E+03   4.63351E-05   3.37141E-05   1.00002E+00   2.66456E+02
  1.44000E+03   4.73350E-05   4.00100E-05   1.00002E+00   3.16215E+02
  1.48000E+03   4.75990E-05   4.68671E-05   1.00002E+00   3.70410E+02
  1.52000E+03   4.69695E-05   5.42376E-05   1.00002E+00   4.28662E+02
  1.56000E+03   4.52645E-05   6.20345E-05   1.00002E+00   4.90284E+02
  1.60000E+03   4.22869E-05   7.01110E-05   1.00002E+00   5.54116E+02
  1.64000E+03   3.78454E-05   7.82420E-05   1.00002E+00   6.18381E+02
  1.68000E+03   3.17881E-05   8.61142E-05   1.00002E+00   6.80600E+02
  1.72000E+03   2.40428E-05   9.33317E-05   1.00001E+00   7.37646E+02
  1.76000E+03   1.46569E-05   9.94411E-05   1.00001E+00   7.85936E+02
  1.80000E+03   3.82715E-06   1.03976E-04   1.00000E+00   8.21783E+02
  1.84000E+03  -8.09051E-06   1.06516E-04   9.99996E-01   8.41862E+02
  1.88000E+03  -2.05970E-05   1.06747E-04   9.99990E-01   8.43694E+02
  1.92000E+03  -3.30923E-05   1.04517E-04   9.99983E-01   8.26073E+02
  1.96000E+03  -4.49385E-05   9.98673E-05   9.99978E-01   7.89327E+02
  2.00000E+03  -5.55329E-05   9.30389E-05   9.99972E-01   7.35362E+02
