 -2.00000E+03   1.77462E-05   2.71898E-08   1.00001E+00   2.14895E-01
 -1.96000E+03   1.78188E-05   2.79195E-08   1.00001E+00   2.20662E-01
 -1.92000E+03   1.78849E-05   2.86683E-08   1.00001E+00   2.26580E-01
 -1.88000E+03   1.79442E-05   2.94338E-08   1.00001E+00   2.32630E-01
 -1.84000E+03   1.79961E-05   3.02127E-08   1.00001E+00   2.38786E-01
 -1.80000E+03   1.80402E-05   3.10006E-08   1.00001E+00   2.45014E-01
 -1.76000E+03   1.80764E-05   3.17920E-08   1.00001E+00   2.51268E-01
 -1.72000E+03   1.81044E-05   3.25803E-08   1.00001E+00   2.57499E-01
 -1.68000E+03   1.81243E-05   3.33583E-08   1.00001E+00   2.63648E-01
 -1.64000E+03   1.81363E-05   3.41184E-08   1.00001E+00   2.69656E-01
 -1.60000E+03   1.81405E-05   3.48536E-08   1.00001E+00   2.75466E-01
 -1.56000E+03   1.81371E-05   3.55580E-08   1.00001E+00   2.81033E-01
 -1.52000E+03   1.81264E-05   3.62274E-08   1.00001E+00   2.86324E-01
 -1.48000E+03   1.81082E-05   3.68611E-08   1.00001E+00   2.91332E-01
 -1.44000E+03   1.80821E-05   3.74613E-08   1.00001E+00   2.96076E-01
 -1.40000E+03   1.80474E-05   3.80347E-08   1.00001E+00   3.00608E-01
 -1.36000E+03   1.80026E-05   3.85915E-08   1.00001E+00   3.05009E-01
 -1.32000E+03   1.79459E-05   3.91455E-08   1.00001E+00   3.09387E-01
 -1.28000E+03   1.78747E-05   3.97127E-08   1.00001E+00   3.13870E-01
 -1.24000E+03   1.77861E-05   4.03105E-08   1.00001E+00   3.18595E-01
 -1.20000E+03   1.76768E-05   4.09557E-08   1.00001E+00   3.23694E-01
 -1.16000E+03   1.75433E-05   4.16631E-08   1.00001E+00   3.29285E-01
 -1.12000E+03   1.73824E-05   4.24441E-08   1.00001E+00   3.35458E-01
 -1.08000E+03   1.71909E-05   4.33056E-08   1.00001E+00   3.42266E-01
 -1.04000E+03   1.69663E-05   4.42496E-08   1.00001E+00   3.49727E-01
 -1.00000E+03   1.67065E-05   4.52731E-08   1.00001E+00   3.57817E-01
 -9.60000E+02   1.64100E-05   4.63686E-08   1.00001E+00   3.66476E-01
 -9.20000E+02   1.60760E-05   4.75251E-08   1.00001E+00   3.75616E-01
 -8.80000E+02   1.57041E-05   4.87290E-08   1.00001E+00   3.85131E-01
 -8.40000E+02   1.52946E-05   4.99654E-08   1.00001E+00   3.94903E-01
 -8.00000E+02   1.48477E-05   5.12191E-08   1.00001E+00   4.04812E-01
 -7.60000E+02   1.43642E-05   5.24758E-08   1.00001E+00   4.14744E-01
 -7.20000E+02   1.38448E-05   5.37221E-08   1.00001E+00   4.24594E-01
 -6.80000E+02   1.32902E-05   5.49465E-08   1.00001E+00   4.34271E-01
 -6.40000E+02   1.27015E-05   5.61391E-08   1.00001E+00   4.43697E-01
 -6.00000E+02   1.20793E-05   5.72915E-08   1.00001E+00   4.52806E-01
 -5.60000E+02   1.14246E-05   5.83970E-08   1.00001E+00   4.61543E-01
 -5.20000E+02   1.07385E-05   5.94498E-08   1.00001E+00   4.69864E-01
 -4.80000E+02   1.00219E-05   6.04450E-08   1.00001E+00   4.77730E-01
 -4.40000E+02   9.27623E-06   6.13785E-08   1.00000E+00   4.85108E-01
 -4.00000E+02   8.50283E-06   6.22464E-08   1.00000E+00   4.91968E-01
 -3.60000E+02   7.70336E-06   6.30454E-08   1.00000E+00   4.98283E-01
 -3.20000E+02   6.87967E-06   6.37722E-08   1.00000E+00   5.04028E-01
 -2.80000E+02   6.03386E-06   6.44240E-08   1.00000E+00   5.09179E-01
 -2.40000E+02   5.16823E-06   6.49980E-08   1.00000E+00   5.13716E-01
 -2.00000E+02   4.28530E-06   6.54919E-08   1.00000E+00   5.17620E-01
 -1.60000E+02   3.38777E-06   6.59034E-08   1.00000E+00   5.20873E-01
 -1.20000E+02   2.47851E-06   6.62310E-08   1.00000E+00   5.23462E-01
 -8.00000E+01   1.56053E-06   6.64731E-08   1.00000E+00   5.25376E-01
 -4.00000E+01   6.36923E-07   6.66291E-08   1.00000E+00   5.26609E-01
  0.00000E+00  -2.89124E-07   6.66984E-08   1.00000E+00   5.27157E-01
  4.00000E+01  -1.21441E-06   6.66813E-08   9.99999E-01   5.27022E-01
  8.00000E+01  -2.13575E-06   6.65783E-08   9.99999E-01   5.26208E-01
  1.20000E+02  -3.04997E-06   6.63907E-08   9.99998E-01   5.24725E-01
  1.60000E+02  -3.95400E-06   6.61201E-08   9.99998E-01   5.22587E-01
  2.00000E+02  -4.84489E-06   6.57687E-08   9.99998E-01   5.19810E-01
  2.40000E+02  -5.71981E-06   6.53391E-08   9.99997E-01   5.16415E-01
  2.80000E+02  -6.57613E-06   6.48346E-08   9.99997E-01   5.12427E-01
  3.20000E+02  -7.41138E-06   6.42585E-08   9.99996E-01   5.07874E-01
  3.60000E+02  -8.22336E-06   6.36146E-08   9.99996E-01   5.02785E-01
  4.00000E+02  -9.01007E-06   6.29071E-08   9.99995E-01   4.97194E-01
  4.40000E+02  -9.76978E-06   6.21403E-08   9.99995E-01   4.91134E-01
  4.80000E+02  -1.05010E-05   6.13188E-08   9.99995E-01   4.84641E-01
  5.20000E+02  -1.12026E-05   6.04471E-08   9.99994E-01   4.77751E-01
  5.60000E+02  -1.18735E-05   5.95300E-08   9.99994E-01   4.70503E-01
  6.00000E+02  -1.25131E-05   5.85722E-08   9.99994E-01   4.62934E-01
  6.40000E+02  -1.31210E-05   5.75785E-08   9.99993E-01   4.55079E-01
  6.80000E+02  -1.36970E-05   5.65532E-08   9.99993E-01   4.46976E-01
  7.20000E+02  -1.42412E-05   5.55010E-08   9.99993E-01   4.38660E-01
  7.60000E+02  -1.47538E-05   5.44261E-08   9.99993E-01   4.30165E-01
  8.00000E+02  -1.52352E-05   5.33326E-08   9.99992E-01   4.21522E-01
  8.40000E+02  -1.56862E-05   5.22242E-08   9.99992E-01   4.12762E-01
  8.80000E+02  -1.61074E-05   5.11048E-08   9.99992E-01   4.03914E-01
  9.20000E+02  -1.64996E-05   4.99776E-08   9.99992E-01   3.95005E-01
  9.60000E+02  -1.68635E-05   4.88458E-08   9.99992E-01   3.86061E-01
  1.00000E+03  -1.71999E-05   4.77126E-08   9.99991E-01   3.77104E-01
  1.04000E+03  -1.75093E-05   4.65808E-08   9.99991E-01   3.68158E-01
  1.08000E+03  -1.77919E-05   4.54532E-08   9.99991E-01   3.59247E-01
  1.12000E+03  -1.80477E-05   4.43328E-08   9.99991E-01   3.50391E-01
  1.16000E+03  -1.82765E-05   4.32225E-08   9.99991E-01   3.41616E-01
  1.20000E+03  -1.84774E-05   4.21253E-08   9.99991E-01   3.32944E-01
  1.24000E+03  -1.86494E-05   4.10446E-08   9.99991E-01   3.24402E-01
  1.28000E+03  -1.87911E-05   3.99835E-08   9.99991E-01   3.16016E-01
  1.32000E+03  -1.89013E-05   3.89455E-08   9.99991E-01   3.07812E-01
  1.36000E+03  -1.89787E-05   3.79339E-08   9.99991E-01   2.99817E-01
  1.40000E+03  -1.90223E-05   3.69517E-08   9.99990E-01   2.92054E-01
  1.44000E+03  -1.90320E-05   3.60017E-08   9.99990E-01   2.84545E-01
  1.48000E+03  -1.90084E-05   3.50857E-08   9.99990E-01   2.77305E-01
  1.52000E+03  -1.89532E-05   3.42048E-08   9.99991E-01   2.70343E-01
  1.56000E+03  -1.88692E-05   3.33594E-08   9.99991E-01   2.63661E-01
  1.60000E+03  -1.87600E-05   3.25486E-08   9.99991E-01   2.57253E-01
  1.64000E+03  -1.86305E-05   3.17707E-08   9.99991E-01   2.51105E-01
  1.68000E+03  -1.84858E-05   3.10232E-08   9.99991E-01   2.45197E-01
  1.72000E+03  -1.83313E-05   3.03029E-08   9.99991E-01   2.39504E-01
  1.76000E+03  -1.81724E-05   2.96066E-08   9.99991E-01   2.34000E-01
  1.80000E+03  -1.80138E-05   2.89307E-08   9.99991E-01   2.28658E-01
  1.84000E+03  -1.78594E-05   2.82721E-08   9.99991E-01   2.23453E-01
  1.88000E+03  -1.77122E-05   2.76282E-08   9.99991E-01   2.18364E-01
  1.92000E+03  -1.75739E-05   2.69967E-08   9.99991E-01   2.13373E-01
  1.96000E+03  -1.74453E-05   2.63763E-08   9.99991E-01   2.08469E-01
  2.00000E+03  -1.73263E-05   2.57661E-08   9.99991E-01   2.03646E-01
